  21.379     2.691 
  22.955     2.152 
  23.126     1.783 
  19.767     1.693 
  18.680     1.465 
  18.351     1.690 
  21.918     1.705 
  22.856     1.469 
  20.756     1.688 
  23.363     1.943 
  26.190     1.718 
  25.338     1.734 
  24.013     2.098 
  20.531     2.004 
  17.218     1.942 
  15.752     1.560 
  13.954     1.462 
  16.791     1.543 
  18.815     1.289 
  16.451     1.347 
  16.561     1.450 
  20.204     1.404 
  20.660     1.497 
  18.990     1.880 
  20.488     1.911 
  17.075     1.921 
  15.963     2.144 
  15.648     2.036 
  18.376     1.905 
  20.437     2.232 
  22.820     2.190 
  25.770     2.149 
  23.686     1.974 
  23.599     1.626 
  27.271     1.663 
  27.394     1.632 
  24.845     1.396 
  26.680     1.278 
  29.691     1.277 
  27.812     1.327 
  26.654     1.217 
  30.083     1.187 
  31.629     1.278 
  28.982     1.418 
  29.528     1.401 
  26.034     1.391 
  25.519     1.470 
  22.335     1.498 
  21.227     1.612 
  22.207     1.561 
  20.630     1.650 
  17.247     1.640 
  18.270     1.639 
  19.647     1.707 
  16.787     1.736 
  14.437     1.801 
  16.506     2.085 
  18.673     2.040 
  21.283     2.307 
  24.476     2.107 
  27.899     2.184 
  29.075     1.884 
  32.530     1.879 
  33.470     1.685 
  36.997     1.621 
  38.616     1.537 
  41.945     1.536 
  44.855     1.560 
  45.258     1.711 
  45.528     1.672 
  48.353     1.820 
  50.479     1.662 
  52.049     1.602 
  50.966     1.627 
  47.413     1.595 
  46.934     1.594 
  48.420     1.652 
  46.086     1.742 
  42.888     1.641 
  43.946     1.652 
  44.241     1.877 
  40.982     1.885 
  39.071     1.733 
  40.947     1.860 
  39.843     2.167 
  36.358     2.052 
  36.092     1.909 
  37.207     2.228 
  34.345     2.411 
  31.781     2.137 
  31.600     2.043 
  31.289     1.759 
  33.440     1.667 
  32.922     1.582 
  35.793     1.569 
  36.069     1.590 
  39.371     1.657 
  40.820     1.667 
  43.100     1.883 
  43.356     1.947 
  46.042     1.742 
  45.076     1.579 
  43.299     1.451 
  40.369     1.533 
  39.848     1.622 
  39.972     1.473 
  37.528     1.441 
  35.221     1.543 
  35.562     1.533 
  34.592     1.494 
  31.698     1.471 
  30.215     1.550 
  30.949     1.551 
  28.983     1.584 
  26.140     1.547 
  25.998     1.593 
  25.452     1.721 
  28.350     1.807 
  28.690     2.127 
  32.370     2.104 
  35.258     1.889 
  38.701     1.878 
  40.821     1.702 
  43.868     1.648 
  45.009     1.533 
  48.112     1.517 
  47.333     1.531 
  49.762     1.548 
  49.283     1.766 
  47.554     1.643 
  45.353     1.505 
  44.381     1.693 
  43.516     1.848 
  41.535     1.613 
  39.530     1.602 
  39.060     1.887 
  37.658     1.862 
  35.192     1.635 
  33.692     1.830 
  30.992     1.924 
  30.470     2.297 
  31.292     2.228 
  34.473     2.387 
  37.363     2.156 
  40.343     2.228 
  43.421     2.024 
  46.045     1.967 
  48.255     1.772 
  49.169     1.881 
  52.101     2.075 
  52.061     2.467 
  52.711     2.443 
  49.450     2.257 
  47.262     2.500 
  44.167     2.456 
  42.851     2.589 
  45.091     2.447 
  46.779     2.496 
  50.133     2.347 
  53.195     2.426 
  55.856     2.646 
  58.130     2.359 
  60.257     2.645 
  60.900     2.826 
  61.420     2.472 
  63.905     2.329 
  65.757     2.682 
  66.022     2.716 
  67.383     2.363 
  69.794     2.412 
  71.014     2.779 
  71.641     2.650 
  73.762     2.375 
  75.593     2.613 
  76.393     2.906 
  77.916     2.617 
  80.016     2.555 
  78.564     2.231 
  79.006     2.147 
  78.576     1.857 
  74.850     1.818 
  72.531     1.669 
  68.820     1.647 
  66.279     1.600 
  62.917     1.577 
  59.448     1.561 
  57.667     1.578 
  57.692     1.507 
  54.066     1.510 
  53.486     1.514 
  53.320     1.615 
  54.355     1.727 
  57.354     1.620 
  58.352     1.660 
  57.998     1.911 
  60.385     1.905 
  62.782     1.766 
  62.808     1.970 
  63.207     2.215 
  66.291     2.089 
  67.861     2.060 
  67.138     2.397 
  68.748     2.564 
  71.528     2.328 
  72.457     2.430 
  72.632     2.828 
  75.208     2.740 
  77.105     2.524 
  76.407     2.214 
  75.431     1.952 
  73.821     1.760 
  76.132     1.658 
  73.115     1.613 
  69.424     1.586 
  67.126     1.626 
  63.431     1.632 
  61.689     1.713 
  58.090     1.741 
  57.941     1.660 
  58.929     1.826 
  62.230     1.851 
  62.950     2.117 
  62.816     1.977 
  65.114     1.799 
  67.452     1.992 
  67.434     2.172 
  67.869     1.922 
  70.663     1.840 
  72.315     2.095 
  72.250     2.147 
  73.731     1.883 
  76.512     1.948 
  77.160     2.231 
  77.813     2.095 
  80.540     1.962 
  78.747     1.777 
  79.099     1.762 
  77.883     1.717 
  78.507     1.805 
  74.909     1.825 
  71.465     1.736 
  68.174     1.795 
  65.371     1.673 
  61.730     1.663 
  60.586     1.653 
  61.994     1.665 
  61.219     1.659 
  63.169     1.669 
  65.862     1.657 
  66.053     1.711 
  66.577     1.826 
  69.153     1.738 
  71.019     1.738 
  71.041     1.908 
  72.448     1.971 
  75.023     1.828 
  76.106     1.898 
  76.232     2.153 
  78.451     2.090 
  81.180     2.009 
  80.302     1.825 
  79.373     1.776 
  76.051     1.747 
  76.808     1.864 
  80.541     1.887 
  80.652     1.790 
  77.222     1.758 
  74.888     1.850 
  71.192     1.790 
  68.136     1.889 
  64.662     1.790 
  61.182     1.845 
  58.243     1.857 
  60.054     1.923 
  58.385     1.740 
  58.983     1.736 
  61.447     1.663 
  63.487     1.719 
  65.170     1.822 
  66.765     1.709 
  67.957     1.693 
  71.650     1.722 
  72.508     1.752 
  69.596     1.823 
  67.904     1.829 
  67.905     2.044 
  64.565     2.040 
  61.883     2.206 
  59.025     2.258 
  55.515     2.187 
  53.103     2.272 
  50.357     2.028 
  48.405     2.139 
  48.208     2.481 
  47.224     2.310 
  44.247     2.122 
  43.225     2.418 
  43.356     2.675 
  41.704     2.398 
  38.545     2.381 
  38.349     2.805 
  39.061     2.853 
  36.570     2.568 
  33.897     2.761 
  34.925     3.184 
  35.035     3.005 
  31.551     2.847 
  30.621     3.279 
  32.499     3.430 
  34.874     3.660 
  38.027     3.773 
  40.435     3.514 
  41.528     3.216 
  44.945     3.049 
  47.471     2.894 
  48.188     3.002 
  51.404     2.929 
  51.765     2.853 
  54.998     2.970 
  57.604     2.704 
  60.883     2.772 
  64.237     2.619 
  65.034     2.450 
  68.775     2.448 
  70.020     2.185 
  73.122     2.036 
  72.773     1.898 
  74.261     2.093 
  77.755     2.242 
  80.286     2.367 
  81.775     2.132 
  84.530     2.008 
  86.344     1.916 
  88.781     1.907 
  88.367     1.849 
  90.453     1.921 
  93.773     1.967 
  94.591     2.162 
  96.991     2.176 
  94.354     2.133 
  92.012     2.252 
  94.573     2.495 
  95.171     2.430 
  91.645     2.446 
  91.697     2.721 
  94.604     2.835 
  92.942     2.778 
  90.231     2.977 
  92.608     3.287 
  94.158     3.259 
  90.987     3.296 
  90.087     3.634 
  93.152     3.891 
  92.355     3.867 
  89.349     4.115 
  88.747     4.604 
  87.738     5.018 
  86.674     5.708 
  85.570     6.552 
  21.350     2.495 
  22.993     2.000 
  22.960     1.734 
  19.628     1.677 
  18.632     1.575 
  18.098     1.762 
  21.663     1.754 
  22.688     1.585 
  20.562     1.815 
  23.091     2.000 
  26.002     1.785 
  25.212     1.822 
  23.863     2.159 
  20.445     2.146 
  17.040     2.126 
  15.588     1.797 
  13.952     1.851 
  16.861     1.924 
  18.860     1.628 
  16.524     1.751 
  16.681     1.969 
  20.311     1.834 
  20.847     1.855 
  19.118     2.288 
  20.602     2.355 
  17.177     2.476 
  16.110     2.757 
  15.772     2.669 
  18.550     2.411 
  20.696     2.572 
  23.055     2.544 
  26.031     2.359 
  23.849     2.202 
  23.732     1.944 
  27.414     1.875 
  27.513     1.765 
  24.891     1.609 
  26.745     1.509 
  29.751     1.412 
  27.795     1.447 
  26.621     1.355 
  30.112     1.303 
  31.548     1.355 
  28.934     1.473 
  29.402     1.412 
  25.936     1.429 
  25.446     1.487 
  22.259     1.567 
  21.151     1.604 
  22.031     1.660 
  20.536     1.656 
  17.127     1.700 
  18.019     1.864 
  19.306     1.965 
  16.526     1.950 
  14.090     2.098 
  15.942     2.476 
  18.091     2.434 
  20.512     2.747 
  23.722     2.501 
  26.715     2.639 
  28.208     2.261 
  31.719     2.262 
  33.057     1.973 
  36.701     1.886 
  38.668     1.703 
  42.028     1.673 
  45.211     1.578 
  45.829     1.551 
  45.875     1.578 
  48.936     1.584 
  50.746     1.604 
  52.000     1.728 
  50.579     1.941 
  47.225     1.827 
  46.766     1.759 
  47.805     1.997 
  45.320     2.152 
  42.325     1.960 
  43.269     1.993 
  43.134     2.357 
  39.915     2.341 
  38.122     2.119 
  39.682     2.323 
  38.284     2.701 
  34.964     2.542 
  34.701     2.366 
  35.409     2.762 
  32.441     2.957 
  30.186     2.626 
  30.271     2.506 
  30.351     2.119 
  32.802     1.964 
  32.702     1.733 
  35.798     1.657 
  36.465     1.547 
  39.933     1.527 
  41.577     1.498 
  44.174     1.565 
  44.625     1.593 
  47.142     1.488 
  46.075     1.432 
  44.025     1.453 
  41.363     1.419 
  40.867     1.441 
  40.549     1.480 
  38.105     1.475 
  36.067     1.426 
  36.161     1.484 
  34.863     1.609 
  32.194     1.494 
  30.743     1.498 
  31.078     1.663 
  29.057     1.744 
  26.435     1.588 
  26.039     1.697 
  25.191     1.947 
  27.854     2.112 
  27.814     2.512 
  31.535     2.497 
  34.671     2.254 
  38.049     2.274 
  40.507     2.041 
  43.577     1.979 
  45.087     1.761 
  48.247     1.764 
  47.439     1.808 
  49.848     1.852 
  49.100     2.118 
  47.594     1.938 
  45.557     1.749 
  44.276     2.008 
  43.294     2.162 
  41.628     1.858 
  39.586     1.853 
  38.749     2.200 
  37.503     2.129 
  35.293     1.856 
  33.465     2.098 
  30.762     2.169 
  29.890     2.581 
  30.581     2.569 
  33.550     2.779 
  36.608     2.553 
  39.414     2.676 
  42.698     2.462 
  45.311     2.431 
  47.820     2.182 
  48.663     2.316 
  51.410     2.556 
  50.985     2.989 
  51.762     2.927 
  48.737     2.691 
  46.359     2.901 
  43.252     2.871 
  41.697     3.048 
  43.974     2.940 
  45.476     3.045 
  48.942     2.911 
  51.843     3.039 
  54.342     3.288 
  56.934     2.982 
  58.830     3.305 
  59.164     3.532 
  59.957     3.153 
  62.687     3.005 
  64.193     3.411 
  64.296     3.480 
  66.012     3.091 
  68.477     3.151 
  69.288     3.580 
  69.917     3.457 
  72.359     3.150 
  73.985     3.433 
  74.398     3.778 
  76.182     3.472 
  78.431     3.410 
  77.419     3.003 
  78.081     2.885 
  78.088     2.480 
  74.372     2.402 
  72.430     2.096 
  68.716     2.054 
  66.413     1.852 
  63.034     1.851 
  59.661     1.745 
  58.245     1.607 
  58.165     1.637 
  54.662     1.566 
  53.740     1.726 
  53.213     1.979 
  53.974     2.159 
  57.193     1.993 
  58.173     2.069 
  57.407     2.423 
  59.730     2.447 
  62.389     2.261 
  62.235     2.520 
  62.231     2.832 
  65.450     2.716 
  67.138     2.665 
  66.079     3.042 
  67.445     3.268 
  70.462     3.028 
  71.375     3.126 
  71.144     3.564 
  73.771     3.516 
  75.920     3.276 
  75.504     2.927 
  74.956     2.568 
  73.527     2.295 
  76.136     2.082 
  73.371     1.881 
  69.699     1.832 
  67.688     1.673 
  64.066     1.622 
  62.419     1.601 
  58.880     1.580 
  58.347     1.636 
  59.589     1.617 
  62.805     1.644 
  63.988     1.707 
  63.797     1.652 
  65.732     1.655 
  68.295     1.678 
  68.628     1.738 
  68.807     1.653 
  71.365     1.689 
  73.343     1.721 
  73.489     1.737 
  74.583     1.697 
  77.352     1.731 
  78.442     1.795 
  78.995     1.753 
  81.479     1.759 
  79.307     1.808 
  79.355     1.931 
  77.784     2.132 
  78.009     2.366 
  74.318     2.403 
  71.068     2.227 
  67.660     2.336 
  65.088     2.090 
  61.461     2.069 
  60.291     2.021 
  61.661     2.006 
  61.278     1.760 
  63.374     1.732 
  65.798     1.893 
  66.168     1.778 
  67.077     1.684 
  69.444     1.753 
  71.103     1.825 
  71.545     1.717 
  73.179     1.715 
  75.400     1.787 
  76.497     1.784 
  77.060     1.771 
  79.275     1.776 
  81.729     1.811 
  80.495     1.904 
  79.187     2.064 
  75.698     2.126 
  76.072     2.455 
  79.802     2.503 
  80.199     2.277 
  76.835     2.223 
  74.207     2.442 
  70.584     2.325 
  67.293     2.482 
  63.955     2.313 
  60.382     2.383 
  57.375     2.389 
  59.029     2.496 
  57.627     2.194 
  58.108     2.177 
  60.881     1.970 
  62.776     2.147 
  64.173     2.359 
  66.102     2.090 
  67.529     1.974 
  71.292     1.972 
  71.825     2.191 
  68.650     2.363 
  67.060     2.383 
  66.717     2.715 
  63.411     2.688 
  60.567     2.881 
  57.572     2.926 
  54.191     2.811 
  51.596     2.899 
  49.157     2.582 
  46.962     2.714 
  46.485     3.107 
  45.778     2.895 
  43.012     2.654 
  41.580     3.000 
  41.546     3.271 
  40.282     2.933 
  37.062     2.908 
  36.485     3.376 
  37.294     3.406 
  35.152     3.067 
  32.208     3.284 
  32.973     3.721 
  33.409     3.486 
  30.036     3.315 
  28.791     3.770 
  30.735     3.875 
  32.799     4.152 
  35.960     4.247 
  38.453     4.029 
  39.875     3.683 
  43.402     3.530 
  45.924     3.418 
  46.440     3.585 
  49.640     3.551 
  49.927     3.506 
  53.009     3.676 
  55.776     3.414 
  58.944     3.521 
  62.427     3.383 
  63.336     3.207 
  67.055     3.235 
  68.565     2.918 
  71.892     2.729 
  71.838     2.512 
  72.975     2.854 
  76.462     3.012 
  78.916     3.170 
  80.746     2.870 
  83.679     2.726 
  86.068     2.913 
  85.605     3.258 
  86.794     3.294 
  84.216     3.231 
  82.168     3.544 
  82.562     3.718 
  79.229     3.539 
  80.222     3.142 
  83.464     3.174 
  82.024     3.322 
  79.855     2.957 
  82.686     2.735 
  84.527     2.907 
  81.848     2.846 
  81.898     2.471 
  85.557     2.467 
  85.318     2.668 
  83.119     2.386 
  85.437     2.185 
  88.292     2.338 
  86.787     2.376 
  86.674     2.072 
  90.324     2.078 
  92.886     2.130 
  96.243     2.270 
  99.069     2.438 
 102.238     2.710 
