  19.046     3.093 
  20.674     1.914 
  20.446     1.526 
  17.171     1.479 
  16.649     1.370 
  16.182     1.442 
  19.611     1.398 
  20.989     1.271 
  19.311     1.434 
  21.083     1.523 
  24.215     1.389 
  23.755     1.450 
  23.223     1.745 
  20.029     1.847 
  16.688     1.959 
  14.638     1.681 
  12.289     1.802 
  15.023     1.838 
  17.136     1.507 
  14.521     1.553 
  14.148     1.745 
  17.725     1.650 
  18.378     1.664 
  16.487     2.040 
  18.025     2.055 
  14.950     2.279 
  16.708     2.405 
  15.676     2.290 
  17.991     2.122 
  20.802     2.278 
  24.233     2.095 
  25.683     2.015 
  22.783     1.887 
  23.132     1.652 
  26.571     1.530 
  25.545     1.486 
  22.925     1.346 
  25.293     1.275 
  27.844     1.178 
  25.692     1.198 
  24.463     1.170 
  27.997     1.130 
  29.315     1.155 
  26.392     1.271 
  27.054     1.268 
  23.407     1.326 
  23.897     1.429 
  20.682     1.542 
  17.859     1.585 
  16.008     1.648 
  18.197     1.699 
  20.216     1.810 
  18.208     2.085 
  19.936     2.419 
  20.532     2.714 
  20.281     2.934 
  22.147     2.996 
  23.657     2.873 
  26.228     2.845 
  28.050     2.475 
  29.659     2.460 
  30.455     2.109 
  33.850     2.053 
  34.612     1.785 
  38.067     1.676 
  39.556     1.514 
  42.889     1.479 
  45.651     1.426 
  45.977     1.475 
  46.389     1.472 
  49.169     1.535 
  51.375     1.473 
  53.012     1.500 
  52.011     1.615 
  48.473     1.561 
  47.955     1.539 
  49.555     1.679 
  47.315     1.805 
  44.111     1.691 
  45.149     1.721 
  45.615     1.992 
  42.351     2.026 
  40.412     1.876 
  42.349     2.031 
  41.357     2.354 
  37.850     2.262 
  37.539     2.144 
  38.667     2.475 
  35.969     2.661 
  33.380     2.421 
  33.036     2.299 
  32.644     1.970 
  34.677     1.807 
  34.086     1.615 
  36.815     1.531 
  36.932     1.458 
  40.179     1.456 
  41.483     1.444 
  43.625     1.572 
  43.854     1.621 
  46.384     1.492 
  45.463     1.406 
  43.763     1.337 
  40.725     1.382 
  40.267     1.418 
  40.595     1.354 
  38.104     1.348 
  35.739     1.378 
  36.223     1.398 
  35.484     1.456 
  32.344     1.404 
  30.804     1.444 
  31.792     1.550 
  29.873     1.628 
  26.972     1.546 
  27.172     1.644 
  26.423     1.859 
  29.526     1.962 
  30.035     2.310 
  33.658     2.236 
  36.405     1.982 
  39.858     1.956 
  41.854     1.732 
  44.882     1.658 
  45.865     1.487 
  48.883     1.459 
  48.108     1.474 
  50.462     1.488 
  50.094     1.686 
  48.408     1.544 
  45.985     1.437 
  45.217     1.645 
  44.357     1.780 
  42.255     1.553 
  40.329     1.568 
  39.972     1.863 
  38.502     1.816 
  35.969     1.617 
  34.590     1.849 
  31.887     1.955 
  31.752     2.353 
  32.594     2.307 
  35.770     2.457 
  38.583     2.210 
  41.634     2.275 
  44.609     2.045 
  47.195     1.993 
  49.114     1.753 
  50.099     1.856 
  53.119     2.019 
  53.434     2.395 
  53.913     2.318 
  50.494     2.178 
  48.403     2.416 
  45.438     2.405 
  44.226     2.586 
  46.396     2.448 
  48.139     2.514 
  51.449     2.355 
  54.588     2.424 
  57.233     2.603 
  59.405     2.291 
  61.767     2.566 
  62.436     2.742 
  62.821     2.417 
  65.192     2.256 
  67.182     2.574 
  67.560     2.626 
  68.734     2.291 
  71.100     2.304 
  72.419     2.645 
  73.112     2.558 
  75.117     2.260 
  76.961     2.468 
  77.986     2.745 
  79.328     2.479 
  81.372     2.411 
  79.704     2.104 
  80.463     1.998 
  79.417     1.756 
  75.733     1.726 
  73.284     1.582 
  69.592     1.562 
  66.973     1.496 
  63.646     1.483 
  60.157     1.449 
  58.193     1.430 
  58.190     1.396 
  54.567     1.384 
  54.159     1.422 
  54.142     1.554 
  55.299     1.683 
  58.189     1.555 
  59.072     1.584 
  58.983     1.845 
  61.378     1.844 
  63.628     1.690 
  63.762     1.873 
  64.349     2.115 
  67.319     1.989 
  68.887     1.941 
  68.227     2.270 
  69.944     2.415 
  72.642     2.189 
  73.626     2.252 
  73.958     2.614 
  76.466     2.547 
  78.257     2.329 
  77.435     2.065 
  76.316     1.829 
  74.650     1.665 
  76.747     1.574 
  73.664     1.522 
  69.958     1.490 
  67.597     1.496 
  63.906     1.479 
  62.097     1.516 
  58.638     1.537 
  58.707     1.483 
  59.533     1.574 
  62.805     1.601 
  63.355     1.784 
  63.226     1.698 
  65.653     1.583 
  67.917     1.716 
  67.771     1.868 
  68.256     1.695 
  71.109     1.644 
  72.656     1.838 
  72.451     1.895 
  74.149     1.710 
  76.888     1.761 
  77.406     2.001 
  77.856     1.899 
  80.822     1.812 
  79.335     1.661 
  79.613     1.644 
  78.563     1.622 
  79.459     1.716 
  75.896     1.742 
  72.396     1.656 
  69.193     1.724 
  66.277     1.603 
  62.640     1.598 
  61.539     1.592 
  62.986     1.600 
  62.043     1.519 
  63.917     1.512 
  66.729     1.548 
  66.867     1.553 
  67.226     1.600 
  69.844     1.566 
  71.797     1.581 
  71.734     1.664 
  72.983     1.720 
  75.678     1.642 
  76.789     1.686 
  76.607     1.861 
  78.902     1.834 
  82.053     1.784 
  80.964     1.665 
  80.175     1.652 
  77.029     1.647 
  77.877     1.789 
  81.559     1.802 
  81.621     1.696 
  78.151     1.668 
  75.929     1.776 
  72.224     1.723 
  69.266     1.839 
  65.740     1.747 
  62.346     1.822 
  59.459     1.852 
  61.309     1.934 
  59.586     1.740 
  60.234     1.741 
  62.542     1.610 
  64.596     1.687 
  66.408     1.816 
  67.659     1.653 
  68.976     1.603 
  72.607     1.613 
  73.559     1.684 
  70.756     1.785 
  69.086     1.795 
  69.150     2.015 
  65.840     2.019 
  63.234     2.191 
  60.426     2.266 
  56.901     2.212 
  54.542     2.324 
  51.727     2.092 
  49.868     2.235 
  49.824     2.562 
  48.667     2.386 
  45.688     2.231 
  44.783     2.547 
  45.003     2.768 
  43.186     2.505 
  40.073     2.524 
  39.995     2.941 
  40.747     2.947 
  38.081     2.691 
  35.503     2.926 
  36.672     3.304 
  36.625     3.097 
  33.094     3.000 
  32.537     3.441 
  34.245     3.519 
  36.816     3.746 
  39.856     3.756 
  42.040     3.517 
  43.077     3.199 
  46.501     3.023 
  48.972     2.852 
  49.807     2.983 
  52.966     2.894 
  53.427     2.854 
  56.673     2.948 
  59.208     2.690 
  62.452     2.736 
  65.751     2.575 
  66.542     2.433 
  70.234     2.412 
  71.503     2.158 
  74.440     1.990 
  73.879     1.853 
  75.503     2.029 
  79.045     2.155 
  81.605     2.248 
  82.935     2.030 
  85.582     1.910 
  87.454     1.878 
  89.621     1.812 
  89.212     1.742 
  91.109     1.791 
  94.394     1.830 
  95.047     1.988 
  97.466     1.991 
  94.999     1.944 
  92.448     2.009 
  94.886     2.215 
  95.609     2.154 
  92.073     2.153 
  92.020     2.373 
  94.987     2.449 
  93.364     2.403 
  90.566     2.538 
  92.856     2.819 
  94.499     2.773 
  91.353     2.783 
  90.193     3.068 
  93.197     3.299 
  92.520     3.253 
  89.362     3.437 
  88.951     3.848 
  87.408     4.258 
  86.400     4.887 
  84.351     5.633 
  19.139     3.368 
  20.865     2.284 
  20.651     1.918 
  17.310     1.851 
  16.944     1.576 
  16.006     1.682 
  19.393     1.723 
  21.005     1.466 
  19.057     1.482 
  20.581     1.622 
  23.877     1.522 
  23.453     1.434 
  22.649     1.620 
  19.508     1.645 
  15.936     1.705 
  14.248     1.564 
  12.466     1.500 
  15.429     1.531 
  17.420     1.327 
  14.938     1.388 
  13.977     1.381 
  17.580     1.321 
  18.166     1.404 
  15.704     1.631 
  17.174     1.695 
  15.770     1.556 
  17.185     1.795 
  15.681     1.764 
  17.942     1.737 
  20.997     1.925 
  24.307     1.755 
  25.645     1.728 
  22.598     1.596 
  23.167     1.362 
  26.655     1.318 
  25.645     1.344 
  23.004     1.247 
  25.427     1.176 
  27.927     1.174 
  25.594     1.310 
  24.648     1.315 
  28.288     1.266 
  29.232     1.418 
  26.317     1.623 
  27.353     1.594 
  24.013     1.561 
  23.939     1.603 
  23.499     1.500 
  20.359     1.603 
  20.786     1.627 
  20.500     1.682 
  19.069     1.823 
  15.984     1.834 
  16.409     2.198 
  15.847     2.767 
  16.992     2.803 
  19.199     2.664 
  21.679     2.524 
  23.299     2.146 
  23.708     1.974 
  27.285     1.995 
  29.056     1.767 
  32.457     1.769 
  33.908     1.590 
  37.558     1.547 
  39.573     1.458 
  42.991     1.455 
  46.164     1.442 
  46.878     1.517 
  46.917     1.501 
  50.089     1.568 
  51.867     1.492 
  52.936     1.508 
  51.380     1.611 
  48.139     1.543 
  47.660     1.520 
  48.580     1.634 
  46.112     1.728 
  43.214     1.603 
  44.043     1.627 
  43.837     1.863 
  40.642     1.849 
  38.930     1.701 
  40.339     1.844 
  38.874     2.109 
  35.628     1.981 
  35.349     1.873 
  35.815     2.168 
  32.980     2.286 
  30.803     2.039 
  30.857     1.941 
  31.176     1.695 
  33.656     1.606 
  33.721     1.513 
  36.782     1.484 
  37.503     1.483 
  41.020     1.510 
  42.635     1.507 
  45.270     1.654 
  45.734     1.690 
  48.073     1.531 
  47.001     1.433 
  44.869     1.360 
  42.225     1.416 
  41.805     1.482 
  41.428     1.373 
  38.935     1.344 
  36.987     1.437 
  37.083     1.422 
  35.824     1.386 
  33.021     1.361 
  31.683     1.472 
  31.898     1.455 
  29.826     1.444 
  27.284     1.446 
  27.058     1.519 
  25.961     1.566 
  28.657     1.657 
  28.500     1.922 
  32.188     1.922 
  35.352     1.758 
  38.759     1.783 
  41.272     1.629 
  44.390     1.598 
  45.930     1.479 
  49.041     1.482 
  48.176     1.502 
  50.472     1.546 
  49.691     1.747 
  48.226     1.622 
  46.228     1.475 
  44.883     1.630 
  43.846     1.752 
  42.190     1.526 
  40.236     1.506 
  39.308     1.752 
  37.985     1.700 
  35.839     1.499 
  34.002     1.646 
  31.195     1.695 
  30.322     2.018 
  31.263     1.974 
  34.113     2.153 
  37.217     1.992 
  40.088     2.088 
  43.379     1.934 
  45.979     1.918 
  48.412     1.736 
  49.302     1.856 
  52.026     2.051 
  51.633     2.398 
  52.387     2.370 
  49.328     2.176 
  46.915     2.362 
  43.825     2.294 
  42.249     2.415 
  44.516     2.317 
  46.042     2.398 
  49.549     2.305 
  52.436     2.412 
  54.836     2.619 
  57.575     2.367 
  59.492     2.663 
  59.745     2.828 
  60.568     2.523 
  63.331     2.414 
  64.762     2.747 
  64.892     2.797 
  66.636     2.486 
  69.086     2.539 
  69.779     2.890 
  70.442     2.803 
  73.025     2.537 
  74.560     2.779 
  74.934     3.061 
  76.728     2.819 
  79.002     2.780 
  78.032     2.441 
  79.272     2.346 
  78.763     2.042 
  75.112     1.978 
  73.265     1.757 
  69.584     1.718 
  67.329     1.588 
  63.952     1.577 
  60.643     1.514 
  59.205     1.466 
  59.040     1.458 
  55.583     1.431 
  54.590     1.483 
  54.029     1.624 
  54.760     1.749 
  58.014     1.648 
  58.955     1.703 
  58.175     1.957 
  60.445     1.973 
  63.167     1.847 
  62.985     2.050 
  62.929     2.283 
  66.099     2.190 
  67.919     2.174 
  66.688     2.496 
  68.054     2.646 
  71.137     2.464 
  72.094     2.560 
  71.875     2.915 
  74.354     2.855 
  76.510     2.689 
  76.224     2.398 
  75.719     2.131 
  74.360     1.907 
  76.967     1.759 
  74.276     1.626 
  70.602     1.588 
  68.672     1.513 
  65.074     1.491 
  63.407     1.505 
  59.981     1.524 
  59.480     1.502 
  60.653     1.554 
  63.838     1.562 
  65.156     1.692 
  64.941     1.622 
  66.791     1.549 
  69.393     1.617 
  69.837     1.715 
  69.911     1.590 
  72.406     1.573 
  74.449     1.664 
  74.726     1.697 
  75.702     1.591 
  78.431     1.620 
  79.584     1.737 
  80.112     1.683 
  82.511     1.640 
  80.464     1.631 
  80.177     1.696 
  78.599     1.795 
  78.830     1.962 
  75.097     1.973 
  71.898     1.837 
  68.454     1.904 
  65.924     1.729 
  62.303     1.703 
  61.142     1.673 
  62.500     1.677 
  62.185     1.546 
  64.337     1.539 
  66.703     1.617 
  67.118     1.574 
  68.083     1.562 
  70.421     1.570 
  72.031     1.607 
  72.551     1.596 
  74.236     1.615 
  76.396     1.612 
  77.466     1.629 
  78.166     1.691 
  80.301     1.673 
  82.602     1.673 
  81.421     1.683 
  80.037     1.771 
  76.563     1.798 
  76.780     2.025 
  80.471     2.072 
  80.991     1.904 
  77.649     1.859 
  74.910     2.003 
  71.352     1.908 
  68.016     2.013 
  64.701     1.879 
  61.139     1.926 
  58.098     1.915 
  59.655     2.008 
  58.337     1.790 
  58.808     1.785 
  61.638     1.660 
  63.477     1.775 
  64.800     1.933 
  66.545     1.745 
  68.274     1.682 
  72.008     1.697 
  72.509     1.833 
  69.306     1.946 
  67.777     1.949 
  67.279     2.192 
  64.038     2.158 
  61.159     2.300 
  58.156     2.330 
  54.801     2.236 
  52.130     2.297 
  49.822     2.044 
  47.573     2.142 
  47.044     2.449 
  46.388     2.273 
  43.684     2.086 
  42.137     2.349 
  42.108     2.557 
  40.871     2.292 
  37.688     2.259 
  36.985     2.629 
  37.776     2.658 
  35.716     2.377 
  32.763     2.541 
  33.454     2.900 
  33.881     2.712 
  30.493     2.570 
  29.451     2.945 
  31.125     3.050 
  33.335     3.288 
  36.428     3.353 
  38.598     3.181 
  40.302     2.930 
  43.914     2.842 
  46.475     2.725 
  46.964     2.851 
  50.145     2.817 
  50.496     2.782 
  53.492     2.924 
  56.327     2.722 
  59.394     2.814 
  62.893     2.706 
  63.842     2.584 
  67.513     2.612 
  69.131     2.360 
  72.510     2.225 
  72.508     2.065 
  73.507     2.311 
  77.001     2.451 
  79.476     2.579 
  81.447     2.355 
  84.338     2.247 
  86.741     2.404 
  86.224     2.681 
  87.206     2.728 
  84.624     2.682 
  82.456     2.928 
  82.731     3.081 
  79.468     2.928 
  80.587     2.609 
  83.771     2.650 
  82.173     2.787 
  80.087     2.486 
  83.024     2.324 
  84.827     2.484 
  82.034     2.441 
  82.270     2.138 
  85.916     2.156 
  85.422     2.339 
  83.350     2.106 
  85.834     1.955 
  88.616     2.103 
  86.913     2.146 
  87.060     1.898 
  90.769     1.928 
  93.108     2.018 
  95.948     2.326 
  97.937     2.451 
  98.560     2.878 
