  20.118     3.674 
  21.295     2.483 
  21.110     2.160 
  17.861     2.190 
  17.355     2.148 
  16.696     2.175 
  20.072     2.066 
  21.553     1.978 
  19.807     2.182 
  21.395     2.187 
  24.581     2.027 
  24.206     2.192 
  23.535     2.479 
  20.437     2.659 
  17.068     2.748 
  15.170     2.486 
  12.987     2.742 
  15.738     2.831 
  17.896     2.473 
  15.410     2.557 
  15.153     2.909 
  18.683     2.769 
  19.365     2.647 
  17.589     3.101 
  19.122     3.243 
  16.120     3.600 
  17.877     3.830 
  16.765     3.758 
  18.923     3.441 
  21.617     3.550 
  25.033     3.349 
  26.342     3.121 
  23.437     2.923 
  23.906     2.727 
  27.262     2.522 
  26.127     2.359 
  23.590     2.221 
  26.022     2.135 
  28.463     1.942 
  26.253     1.891 
  25.137     1.869 
  28.669     1.771 
  29.875     1.716 
  26.962     1.836 
  27.732     1.828 
  24.142     1.949 
  24.707     2.021 
  21.546     2.172 
  18.788     2.301 
  16.950     2.357 
  19.154     2.340 
  21.211     2.423 
  19.267     2.767 
  21.016     3.075 
  21.636     3.410 
  21.465     3.692 
  23.366     3.799 
  24.902     3.755 
  27.410     3.711 
  29.137     3.256 
  30.712     3.200 
  31.439     2.727 
  34.788     2.611 
  35.485     2.265 
  38.891     2.110 
  40.324     1.936 
  43.621     1.915 
  46.328     1.929 
  46.623     2.068 
  47.051     2.027 
  49.775     2.214 
  51.993     2.086 
  53.657     2.029 
  52.712     2.050 
  49.186     1.995 
  48.667     1.983 
  50.304     2.082 
  48.108     2.210 
  44.906     2.096 
  45.949     2.119 
  46.472     2.435 
  43.234     2.497 
  41.288     2.332 
  43.248     2.511 
  42.322     2.933 
  38.824     2.852 
  38.503     2.720 
  39.683     3.143 
  37.030     3.408 
  34.425     3.140 
  34.053     2.964 
  33.604     2.532 
  35.580     2.294 
  34.942     2.064 
  37.619     1.963 
  37.690     1.919 
  40.886     1.971 
  42.153     2.001 
  44.241     2.255 
  44.444     2.341 
  46.961     2.166 
  46.044     1.995 
  44.380     1.817 
  41.341     1.896 
  40.905     1.971 
  41.269     1.818 
  38.788     1.784 
  36.434     1.864 
  36.947     1.859 
  36.241     1.887 
  33.098     1.850 
  31.594     1.909 
  32.623     2.007 
  30.712     2.119 
  27.823     2.043 
  28.068     2.158 
  27.354     2.442 
  30.461     2.543 
  31.009     2.988 
  34.587     2.854 
  37.275     2.501 
  40.707     2.438 
  42.641     2.161 
  45.638     2.068 
  46.564     1.912 
  49.544     1.896 
  48.764     1.891 
  51.086     1.903 
  50.733     2.109 
  49.020     1.955 
  46.612     1.842 
  45.901     2.069 
  45.039     2.240 
  42.909     1.976 
  41.032     1.992 
  40.716     2.360 
  39.209     2.318 
  36.686     2.080 
  35.375     2.368 
  32.674     2.531 
  32.588     3.035 
  33.477     2.968 
  36.664     3.129 
  39.435     2.784 
  42.491     2.835 
  45.410     2.526 
  47.983     2.441 
  49.840     2.169 
  50.815     2.288 
  53.828     2.474 
  54.191     2.927 
  54.631     2.847 
  51.213     2.690 
  49.149     3.011 
  46.226     3.001 
  45.077     3.228 
  47.236     3.023 
  48.998     3.079 
  52.264     2.859 
  55.399     2.921 
  58.039     3.134 
  60.140     2.757 
  62.514     3.080 
  63.220     3.275 
  63.564     2.888 
  65.882     2.721 
  67.905     3.073 
  68.301     3.124 
  69.411     2.764 
  71.753     2.792 
  73.116     3.155 
  73.800     3.054 
  75.736     2.776 
  77.594     2.991 
  78.659     3.274 
  79.956     3.015 
  81.962     2.969 
  80.251     2.692 
  80.977     2.614 
  79.890     2.459 
  76.234     2.381 
  73.762     2.301 
  70.100     2.219 
  67.475     2.209 
  64.179     2.114 
  60.706     2.080 
  58.724     2.112 
  58.725     2.010 
  55.120     1.985 
  54.759     1.934 
  54.780     1.992 
  55.964     2.113 
  58.804     2.040 
  59.675     2.049 
  59.638     2.280 
  62.023     2.291 
  64.218     2.172 
  64.374     2.325 
  65.006     2.575 
  67.936     2.461 
  69.471     2.422 
  68.865     2.755 
  70.602     2.914 
  73.246     2.690 
  74.218     2.758 
  74.603     3.146 
  77.089     3.076 
  78.826     2.866 
  77.972     2.614 
  76.811     2.414 
  75.131     2.308 
  77.177     2.354 
  74.091     2.344 
  70.413     2.252 
  68.042     2.340 
  64.377     2.286 
  62.577     2.357 
  59.140     2.364 
  59.249     2.206 
  60.038     2.433 
  63.286     2.511 
  63.784     2.853 
  63.664     2.706 
  66.110     2.516 
  68.324     2.805 
  68.147     3.044 
  68.655     2.760 
  71.508     2.693 
  73.002     3.059 
  72.782     3.126 
  74.504     2.825 
  77.220     2.966 
  77.688     3.348 
  78.143     3.161 
  81.113     3.065 
  79.678     2.742 
  79.986     2.659 
  78.991     2.471 
  79.925     2.482 
  76.406     2.417 
  72.913     2.322 
  69.758     2.292 
  66.838     2.200 
  63.231     2.139 
  62.143     2.135 
  63.578     2.174 
  62.594     2.219 
  64.434     2.278 
  67.257     2.262 
  67.367     2.361 
  67.678     2.558 
  70.297     2.487 
  72.251     2.491 
  72.143     2.744 
  73.362     2.875 
  76.072     2.724 
  77.166     2.829 
  76.933     3.171 
  79.220     3.153 
  82.367     3.095 
  81.333     2.788 
  80.593     2.633 
  77.497     2.489 
  78.390     2.496 
  82.038     2.578 
  82.060     2.572 
  78.614     2.480 
  76.453     2.444 
  72.769     2.356 
  69.867     2.373 
  66.352     2.269 
  63.004     2.286 
  60.151     2.289 
  62.007     2.367 
  60.259     2.192 
  60.901     2.190 
  63.146     2.162 
  65.208     2.222 
  67.040     2.310 
  68.233     2.252 
  69.511     2.301 
  73.102     2.404 
  74.085     2.387 
  71.342     2.360 
  69.685     2.345 
  69.798     2.502 
  66.514     2.480 
  63.957     2.636 
  61.194     2.708 
  57.684     2.651 
  55.373     2.782 
  52.538     2.522 
  50.729     2.697 
  50.735     3.105 
  49.545     2.897 
  46.571     2.725 
  45.736     3.131 
  45.970     3.416 
  44.114     3.094 
  41.041     3.152 
  41.028     3.693 
  41.748     3.700 
  39.060     3.393 
  36.550     3.730 
  37.744     4.204 
  37.634     3.944 
  34.123     3.851 
  33.627     4.434 
  35.282     4.520 
  37.890     4.791 
  40.876     4.781 
  43.043     4.440 
  44.003     4.033 
  47.380     3.777 
  49.835     3.527 
  50.709     3.671 
  53.843     3.524 
  54.318     3.455 
  57.560     3.545 
  60.043     3.208 
  63.277     3.247 
  66.521     3.052 
  67.294     2.889 
  70.953     2.880 
  72.169     2.641 
  75.045     2.542 
  74.448     2.451 
  76.094     2.588 
  79.629     2.728 
  82.179     2.836 
  83.450     2.696 
  86.046     2.687 
  87.864     2.767 
  90.013     2.784 
  89.562     2.866 
  91.413     3.066 
  94.658     3.223 
  95.256     3.548 
  97.659     3.629 
  95.229     3.473 
  92.661     3.609 
  95.044     3.981 
  95.778     3.899 
  92.264     3.842 
  92.163     4.216 
  95.095     4.397 
  93.497     4.274 
  90.688     4.463 
  92.923     4.894 
  94.558     4.886 
  91.433     4.834 
  90.246     5.210 
  93.201     5.575 
  92.535     5.503 
  89.379     5.693 
  88.931     6.212 
  87.386     6.595 
  86.353     7.228 
  84.312     7.874 
  20.543     4.144 
  21.745     2.987 
  21.510     2.589 
  18.164     2.542 
  17.716     2.203 
  16.664     2.326 
  20.027     2.350 
  21.627     2.018 
  19.595     2.036 
  21.009     2.172 
  24.327     2.042 
  23.892     1.939 
  22.973     2.135 
  19.880     2.199 
  16.336     2.286 
  14.824     2.183 
  13.121     2.207 
  15.988     2.200 
  18.059     1.972 
  15.704     2.075 
  14.745     2.198 
  18.289     2.097 
  18.951     2.082 
  16.540     2.378 
  17.931     2.541 
  16.487     2.503 
  17.849     2.850 
  16.331     2.845 
  18.513     2.673 
  21.479     2.792 
  24.773     2.597 
  26.062     2.436 
  23.060     2.269 
  23.704     2.061 
  27.140     1.951 
  26.108     1.889 
  23.558     1.806 
  26.010     1.724 
  28.459     1.665 
  26.152     1.799 
  25.310     1.816 
  28.928     1.730 
  29.841     1.901 
  27.005     2.172 
  28.110     2.118 
  24.811     2.101 
  24.811     2.139 
  24.362     2.027 
  21.280     2.179 
  21.679     2.217 
  21.380     2.291 
  19.885     2.490 
  16.801     2.553 
  17.117     2.923 
  16.724     3.445 
  17.862     3.549 
  20.049     3.429 
  22.490     3.326 
  24.083     2.898 
  24.474     2.677 
  28.003     2.708 
  29.793     2.374 
  33.151     2.382 
  34.618     2.114 
  38.247     2.061 
  40.267     1.911 
  43.669     1.918 
  46.846     1.875 
  47.601     1.918 
  47.625     1.938 
  50.802     1.986 
  52.520     1.982 
  53.535     2.124 
  51.945     2.321 
  48.752     2.142 
  48.300     2.092 
  49.166     2.358 
  46.694     2.467 
  43.853     2.230 
  44.669     2.303 
  44.418     2.684 
  41.254     2.605 
  39.588     2.374 
  40.958     2.628 
  39.469     2.997 
  36.272     2.765 
  36.009     2.618 
  36.437     3.060 
  33.619     3.191 
  31.493     2.821 
  31.556     2.663 
  31.912     2.291 
  34.387     2.158 
  34.492     1.988 
  37.540     1.932 
  38.286     1.901 
  41.793     1.909 
  43.398     1.894 
  46.058     2.044 
  46.525     2.096 
  48.796     1.899 
  47.688     1.792 
  45.518     1.712 
  42.931     1.812 
  42.558     1.885 
  42.121     1.751 
  39.627     1.739 
  37.758     1.879 
  37.843     1.841 
  36.527     1.811 
  33.766     1.819 
  32.503     1.955 
  32.669     1.915 
  30.564     1.931 
  28.100     1.976 
  27.893     2.035 
  26.733     2.108 
  29.391     2.206 
  29.172     2.560 
  32.818     2.561 
  35.982     2.344 
  39.365     2.411 
  41.877     2.185 
  44.988     2.179 
  46.541     1.970 
  49.611     1.987 
  48.719     1.981 
  50.966     2.029 
  50.129     2.280 
  48.680     2.050 
  46.749     1.863 
  45.391     2.117 
  44.310     2.239 
  42.697     1.922 
  40.801     1.929 
  39.827     2.259 
  38.485     2.154 
  36.410     1.927 
  34.588     2.136 
  31.761     2.200 
  30.847     2.603 
  31.838     2.590 
  34.653     2.846 
  37.763     2.649 
  40.613     2.828 
  43.898     2.636 
  46.495     2.672 
  48.931     2.409 
  49.775     2.552 
  52.440     2.849 
  52.001     3.334 
  52.733     3.237 
  49.717     2.919 
  47.282     3.128 
  44.241     3.052 
  42.688     3.261 
  44.968     3.187 
  46.489     3.366 
  49.983     3.290 
  52.838     3.512 
  55.184     3.818 
  57.929     3.490 
  59.791     3.917 
  60.030     4.199 
  60.890     3.807 
  63.640     3.669 
  65.017     4.160 
  65.149     4.280 
  66.918     3.875 
  69.336     3.962 
  69.982     4.477 
  70.658     4.413 
  73.252     4.069 
  74.742     4.414 
  75.081     4.841 
  76.895     4.558 
  79.151     4.517 
  78.234     3.999 
  79.476     3.831 
  79.016     3.371 
  75.403     3.213 
  73.614     2.813 
  69.965     2.684 
  67.769     2.419 
  64.413     2.342 
  61.154     2.169 
  59.757     1.984 
  59.563     1.977 
  56.155     1.867 
  55.133     2.024 
  54.520     2.259 
  55.236     2.505 
  58.490     2.383 
  59.397     2.441 
  58.575     2.835 
  60.837     2.935 
  63.556     2.758 
  63.333     3.009 
  63.248     3.399 
  66.413     3.338 
  68.213     3.283 
  66.947     3.710 
  68.287     4.002 
  71.373     3.795 
  72.301     3.881 
  72.045     4.385 
  74.517     4.394 
  76.673     4.147 
  76.429     3.768 
  75.965     3.319 
  74.657     3.013 
  77.281     2.817 
  74.648     2.530 
  71.008     2.400 
  69.139     2.190 
  65.586     2.077 
  63.956     2.057 
  60.579     2.001 
  60.050     2.078 
  61.256     2.073 
  64.409     2.152 
  65.769     2.186 
  65.535     2.127 
  67.323     2.191 
  69.940     2.228 
  70.415     2.242 
  70.445     2.184 
  72.891     2.299 
  74.966     2.308 
  75.249     2.286 
  76.161     2.318 
  78.877     2.413 
  80.066     2.404 
  80.564     2.386 
  82.913     2.498 
  80.837     2.572 
  80.526     2.750 
  78.913     2.979 
  79.108     3.306 
  75.398     3.265 
  72.248     2.981 
  68.813     3.027 
  66.340     2.704 
  62.749     2.592 
  61.612     2.553 
  62.965     2.595 
  62.705     2.296 
  64.847     2.279 
  67.157     2.525 
  67.602     2.414 
  68.601     2.274 
  70.890     2.404 
  72.468     2.547 
  73.040     2.390 
  74.722     2.375 
  76.823     2.550 
  77.894     2.576 
  78.644     2.479 
  80.744     2.530 
  83.002     2.675 
  81.779     2.825 
  80.370     3.025 
  76.907     3.036 
  77.073     3.432 
  80.730     3.570 
  81.276     3.285 
  77.963     3.143 
  75.213     3.349 
  71.698     3.132 
  68.367     3.242 
  65.100     2.977 
  61.555     2.985 
  58.541     2.939 
  60.073     3.128 
  58.808     2.767 
  59.274     2.786 
  62.115     2.600 
  63.912     2.828 
  65.195     3.122 
  66.966     2.836 
  68.702     2.728 
  72.408     2.805 
  72.870     3.073 
  69.668     3.210 
  68.147     3.177 
  67.612     3.538 
  64.399     3.419 
  61.519     3.564 
  58.540     3.572 
  55.224     3.365 
  52.573     3.431 
  50.317     3.016 
  48.079     3.149 
  47.510     3.565 
  46.876     3.278 
  44.226     2.980 
  42.664     3.351 
  42.603     3.623 
  41.401     3.208 
  38.261     3.143 
  37.517     3.650 
  38.281     3.664 
  36.268     3.239 
  33.333     3.463 
  33.963     3.938 
  34.381     3.647 
  31.045     3.435 
  29.975     3.944 
  31.589     4.051 
  33.773     4.412 
  36.811     4.490 
  39.000     4.312 
  40.695     3.943 
  44.286     3.853 
  46.854     3.756 
  47.343     3.995 
  50.508     4.018 
  50.874     4.024 
  53.834     4.288 
  56.671     4.066 
  59.705     4.267 
  63.189     4.185 
  64.149     4.052 
  67.789     4.160 
  69.430     3.835 
  72.804     3.697 
  72.822     3.432 
  73.773     3.814 
  77.221     4.084 
  79.658     4.296 
  81.644     3.986 
  84.534     3.889 
  86.892     4.153 
  86.343     4.565 
  87.318     4.665 
  84.768     4.545 
  82.585     4.871 
  82.844     5.094 
  79.621     4.828 
  80.770     4.388 
  83.925     4.513 
  82.325     4.666 
  80.289     4.206 
  83.231     4.002 
  84.997     4.278 
  82.232     4.153 
  82.513     3.701 
  86.131     3.784 
  85.614     4.026 
  83.588     3.644 
  86.087     3.424 
  88.821     3.702 
  87.123     3.693 
  87.318     3.296 
  91.000     3.388 
  93.316     3.493 
  96.120     3.855 
  98.110     3.914 
  98.752     4.138 
