  22.804     6.032 
  23.612     5.192 
  23.740     5.004 
  20.997     5.676 
  20.880     6.282 
  19.965     6.352 
  22.752     5.537 
  24.463     5.661 
  22.989     6.446 
  23.947     5.939 
  26.866     5.415 
  26.963     6.116 
  26.190     6.517 
  23.764     7.399 
  20.702     7.866 
  19.085     7.717 
  17.652     8.896 
  20.277     8.903 
  22.050     7.869 
  19.938     8.169 
  20.166     9.276 
  23.261     8.641 
  23.680     7.814 
  22.398     8.864 
  24.039     9.510 
  21.634    10.728 
  23.493    11.379 
  22.480    11.556 
  24.013    10.432 
  26.315    10.114 
  29.306     9.418 
  30.045     8.440 
  27.252     8.259 
  27.824     8.094 
  30.621     7.233 
  29.205     6.679 
  26.937     6.666 
  29.233     6.304 
  31.133     5.552 
  28.836     5.299 
  27.936     5.213 
  31.147     4.739 
  31.897     4.344 
  29.094     4.415 
  29.990     4.230 
  26.819     4.702 
  27.378     4.483 
  24.504     4.872 
  22.285     5.684 
  20.428     5.662 
  22.368     5.155 
  24.433     5.091 
  22.954     6.011 
  24.712     6.291 
  25.458     6.863 
  25.564     7.602 
  27.420     7.769 
  28.895     7.937 
  31.197     7.789 
  32.583     6.816 
  33.898     6.443 
  34.230     5.260 
  37.217     4.802 
  37.567     3.911 
  40.600     3.478 
  41.703     3.101 
  44.716     3.083 
  47.080     3.259 
  47.220     3.571 
  47.719     3.395 
  50.115     3.931 
  52.324     3.737 
  54.068     3.645 
  53.394     3.632 
  50.028     3.358 
  49.509     3.301 
  51.268     3.641 
  49.344     3.853 
  46.263     3.526 
  47.305     3.673 
  48.074     4.461 
  45.076     4.540 
  43.180     4.214 
  45.187     4.741 
  44.598     5.700 
  41.278     5.535 
  40.963     5.381 
  42.371     6.395 
  40.036     6.983 
  37.478     6.505 
  36.932     5.932 
  36.185     4.856 
  37.782     4.106 
  36.907     3.470 
  39.226     3.137 
  39.074     3.101 
  41.918     3.264 
  42.987     3.513 
  44.774     4.193 
  44.862     4.588 
  47.274     4.327 
  46.442     4.045 
  45.004     3.516 
  42.051     3.799 
  41.684     3.802 
  42.233     3.210 
  39.916     3.181 
  37.621     3.465 
  38.262     3.187 
  37.789     3.144 
  34.755     3.269 
  33.384     3.383 
  34.590     3.426 
  32.894     3.770 
  30.116     3.805 
  30.524     3.983 
  30.096     4.670 
  33.084     4.736 
  33.867     5.732 
  37.069     5.258 
  39.335     4.377 
  42.514     4.211 
  44.081     3.594 
  46.816     3.444 
  47.461     3.218 
  50.192     3.376 
  49.455     3.382 
  51.596     3.574 
  51.398     3.824 
  49.629     3.603 
  47.324     3.344 
  46.897     3.550 
  46.141     3.845 
  43.953     3.405 
  42.284     3.340 
  42.239     3.995 
  40.726     3.940 
  38.258     3.534 
  37.299     4.085 
  34.836     4.511 
  35.054     5.569 
  35.962     5.454 
  39.035     5.720 
  41.434     4.924 
  44.353     5.041 
  46.881     4.393 
  49.275     4.280 
  50.781     3.788 
  51.726     4.059 
  54.631     4.517 
  55.229     5.354 
  55.519     5.204 
  52.225     4.801 
  50.428     5.338 
  47.763     5.310 
  46.901     5.823 
  48.863     5.448 
  50.608     5.642 
  53.538     5.254 
  56.534     5.493 
  59.091     5.969 
  60.814     5.325 
  63.196     6.001 
  64.023     6.417 
  64.143     5.743 
  66.169     5.559 
  68.272     6.257 
  68.728     6.395 
  69.530     5.838 
  71.702     6.020 
  73.223     6.678 
  73.842     6.576 
  75.432     6.257 
  77.299     6.687 
  78.509     7.190 
  79.555     6.886 
  81.370     6.956 
  79.533     6.474 
  80.104     6.460 
  78.882     6.250 
  75.432     5.850 
  72.945     5.624 
  69.503     5.219 
  66.927     5.043 
  63.853     4.656 
  60.536     4.374 
  58.533     4.440 
  58.559     4.331 
  55.131     4.111 
  54.982     3.787 
  55.174     3.796 
  56.428     3.990 
  58.948     4.090 
  59.769     4.205 
  59.963     4.489 
  62.224     4.640 
  64.127     4.664 
  64.383     4.878 
  65.188     5.268 
  67.855     5.292 
  69.214     5.373 
  68.866     5.775 
  70.630     6.123 
  72.957     5.979 
  73.862     6.141 
  74.469     6.699 
  76.787     6.757 
  78.247     6.605 
  77.288     6.241 
  75.983     5.962 
  74.297     5.746 
  76.089     6.055 
  73.076     5.856 
  69.609     5.450 
  67.265     5.459 
  63.799     5.128 
  62.081     5.074 
  58.818     4.872 
  59.078     4.453 
  59.691     4.918 
  62.757     5.208 
  63.062     5.892 
  62.987     5.691 
  65.423     5.451 
  67.400     6.071 
  67.125     6.519 
  67.692     6.120 
  70.469     6.129 
  71.741     6.824 
  71.483     6.989 
  73.233     6.614 
  75.794     6.960 
  76.101     7.596 
  76.571     7.399 
  79.453     7.413 
  78.222     6.825 
  78.622     6.635 
  77.850     6.252 
  78.894     6.263 
  75.636     5.871 
  72.270     5.491 
  69.393     5.178 
  66.530     4.850 
  63.156     4.491 
  62.144     4.378 
  63.489     4.522 
  62.354     4.575 
  64.016     4.856 
  66.801     4.980 
  66.804     5.152 
  66.929     5.554 
  69.477     5.621 
  71.382     5.729 
  71.108     6.144 
  72.192     6.466 
  74.870     6.399 
  75.875     6.619 
  75.487     7.146 
  77.673     7.281 
  80.718     7.400 
  79.900     6.859 
  79.346     6.544 
  76.520     6.076 
  77.565     6.109 
  80.990     6.516 
  80.862     6.553 
  77.607     6.153 
  75.736     5.889 
  72.233     5.485 
  69.634     5.273 
  66.263     4.866 
  63.203     4.665 
  60.589     4.507 
  62.418     4.777 
  60.611     4.352 
  61.228     4.417 
  63.137     4.494 
  65.161     4.721 
  67.034     5.018 
  67.948     5.025 
  69.029     5.185 
  72.361     5.626 
  73.435     5.653 
  71.007     5.389 
  69.457     5.222 
  69.757     5.476 
  66.680     5.224 
  64.416     5.354 
  61.922     5.385 
  58.593     5.113 
  56.566     5.349 
  53.736     4.696 
  52.216     5.104 
  52.451     5.947 
  51.156     5.404 
  48.304     5.024 
  47.821     5.991 
  48.144     6.533 
  46.178     5.765 
  43.405     5.986 
  43.717     7.202 
  44.293     7.081 
  41.590     6.412 
  39.515     7.302 
  40.835     8.244 
  40.480     7.565 
  37.200     7.496 
  37.091     8.815 
  38.541     8.809 
  41.164     9.351 
  43.840     9.160 
  45.731     8.458 
  46.318     7.508 
  49.315     6.943 
  51.523     6.481 
  52.502     6.862 
  55.383     6.637 
  55.866     6.584 
  58.975     6.861 
  61.119     6.276 
  64.192     6.489 
  67.108     6.257 
  67.761     6.030 
  71.166     6.203 
  72.119     5.884 
  74.663     5.917 
  73.956     5.727 
  75.643     6.032 
  79.056     6.484 
  81.501     6.805 
  82.506     6.732 
  84.841     6.959 
  86.394     7.195 
  88.425     7.447 
  87.823     7.565 
  89.468     7.981 
  92.489     8.457 
  92.904     8.921 
  95.174     9.227 
  92.921     8.825 
  90.384     8.833 
  92.533     9.505 
  93.260     9.465 
  89.913     9.135 
  89.692     9.662 
  92.435    10.134 
  90.939     9.868 
  88.196     9.971 
  90.230    10.703 
  91.769    10.851 
  88.789    10.604 
  87.590    11.050 
  90.330    11.758 
  89.675    11.683 
  86.641    11.789 
  86.143    12.533 
  84.688    12.827 
  83.689    13.531 
  81.758    14.026 
  24.429     7.229 
  24.931     6.035 
  24.587     5.424 
  21.474     5.732 
  20.720     5.245 
  19.690     5.629 
  22.775     5.260 
  23.996     4.563 
  21.910     4.831 
  23.158     4.852 
  26.195     4.359 
  25.560     4.360 
  24.521     4.654 
  21.683     5.064 
  18.585     5.508 
  17.600     5.633 
  15.979     5.996 
  18.294     5.696 
  20.371     5.177 
  18.477     5.479 
  17.391     6.013 
  20.503     5.623 
  21.349     5.199 
  19.130     5.832 
  20.116     6.307 
  18.678     6.677 
  19.720     7.425 
  18.273     7.613 
  20.218     7.000 
  22.803     6.946 
  25.860     6.585 
  27.047     5.928 
  24.423     5.580 
  25.169     5.350 
  28.312     4.972 
  27.432     4.546 
  25.304     4.458 
  27.614     4.232 
  29.877     3.869 
  27.929     3.928 
  27.353     3.948 
  30.657     3.576 
  31.583     3.693 
  29.215     4.251 
  30.324     4.024 
  27.288     4.245 
  27.392     4.233 
  26.761     4.107 
  24.088     4.594 
  24.229     4.603 
  23.975     4.695 
  22.399     5.142 
  19.580     5.612 
  19.503     6.039 
  19.180     6.550 
  20.069     6.924 
  22.033     6.709 
  24.239     6.532 
  25.839     5.786 
  26.329     5.230 
  29.526     5.116 
  31.390     4.287 
  34.461     4.182 
  36.018     3.577 
  39.418     3.409 
  41.446     3.177 
  44.629     3.195 
  47.720     3.240 
  48.613     3.329 
  48.529     3.246 
  51.629     3.505 
  53.039     3.559 
  53.788     3.855 
  52.098     4.208 
  49.217     3.701 
  48.858     3.538 
  49.457     4.182 
  47.056     4.355 
  44.539     3.769 
  45.252     3.988 
  44.810     4.863 
  41.878     4.638 
  40.440     4.158 
  41.577     4.826 
  40.035     5.619 
  37.143     5.121 
  36.944     4.940 
  37.159     5.974 
  34.497     6.207 
  32.656     5.514 
  32.812     5.003 
  33.379     4.094 
  35.783     3.660 
  36.126     3.266 
  39.023     3.119 
  39.916     3.217 
  43.248     3.268 
  44.814     3.432 
  47.492     3.872 
  48.029     4.186 
  49.948     3.860 
  48.789     3.739 
  46.555     3.514 
  44.385     3.801 
  44.121     3.778 
  43.404     3.304 
  41.073     3.413 
  39.621     3.792 
  39.546     3.407 
  38.066     3.298 
  35.699     3.628 
  34.697     3.819 
  34.556     3.442 
  32.503     3.654 
  30.519     4.053 
  30.229     3.890 
  28.880     4.033 
  31.148     3.974 
  30.655     4.682 
  33.982     4.598 
  37.039     4.102 
  40.153     4.213 
  42.618     3.809 
  45.563     3.805 
  47.164     3.523 
  49.978     3.796 
  49.053     3.914 
  51.046     4.295 
  50.028     4.820 
  48.756     4.493 
  47.183     3.911 
  45.745     4.182 
  44.565     4.549 
  43.288     3.965 
  41.626     3.706 
  40.451     4.301 
  39.191     4.261 
  37.546     3.755 
  35.750     3.973 
  33.059     4.216 
  31.947     4.921 
  32.953     4.783 
  35.430     5.248 
  38.437     4.829 
  41.037     5.179 
  44.199     4.847 
  46.661     4.917 
  49.062     4.517 
  49.704     4.974 
  52.034     5.739 
  51.420     6.649 
  52.053     6.662 
  49.335     5.942 
  46.916     6.317 
  44.167     5.944 
  42.711     6.201 
  44.935     6.025 
  46.355     6.346 
  49.682     6.267 
  52.325     6.757 
  54.407     7.473 
  57.097     6.968 
  58.679     7.908 
  58.887     8.336 
  59.848     7.604 
  62.459     7.544 
  63.607     8.507 
  63.758     8.629 
  65.556     7.979 
  67.779     8.339 
  68.260     9.240 
  68.975     9.062 
  71.516     8.643 
  72.795     9.372 
  73.054    10.034 
  74.873     9.603 
  76.986     9.746 
  76.250     8.875 
  77.430     8.808 
  77.176     8.042 
  73.806     7.509 
  72.292     6.739 
  68.875     6.264 
  66.980     5.601 
  63.804     5.266 
  60.856     4.697 
  59.711     4.351 
  59.417     4.482 
  56.334     4.056 
  55.186     4.159 
  54.373     4.625 
  54.961     5.001 
  58.118     4.967 
  58.876     5.279 
  57.894     5.928 
  60.046     6.133 
  62.669     6.070 
  62.284     6.612 
  62.090     7.206 
  65.141     7.236 
  66.804     7.396 
  65.422     8.095 
  66.659     8.563 
  69.654     8.394 
  70.438     8.740 
  70.057     9.537 
  72.452     9.601 
  74.518     9.432 
  74.454     8.714 
  74.173     7.983 
  73.102     7.312 
  75.722     7.190 
  73.402     6.497 
  70.006     6.002 
  68.451     5.450 
  65.190     4.957 
  63.758     4.682 
  60.690     4.301 
  60.021     4.303 
  61.329     4.326 
  64.249     4.648 
  65.749     4.827 
  65.452     4.790 
  66.920     5.018 
  69.522     5.238 
  70.125     5.333 
  69.969     5.338 
  72.136     5.682 
  74.291     5.820 
  74.611     5.881 
  75.230     6.080 
  77.795     6.382 
  79.134     6.431 
  79.492     6.557 
  81.555     6.933 
  79.411     6.923 
  79.018     7.069 
  77.311     7.323 
  77.371     7.781 
  73.853     7.440 
  70.968     6.775 
  67.663     6.631 
  65.484     5.881 
  62.116     5.465 
  61.102     5.233 
  62.399     5.331 
  62.373     4.766 
  64.413     4.947 
  66.434     5.514 
  66.974     5.302 
  68.095     5.169 
  70.113     5.604 
  71.534     5.906 
  72.281     5.663 
  73.923     5.821 
  75.718     6.277 
  76.767     6.341 
  77.687     6.223 
  79.607     6.529 
  81.623     6.905 
  80.283     7.070 
  78.819     7.228 
  75.489     7.003 
  75.470     7.650 
  78.905     8.117 
  79.517     7.777 
  76.400     7.344 
  73.689     7.466 
  70.427     6.880 
  67.203     6.864 
  64.214     6.194 
  60.834     6.022 
  58.015     5.756 
  59.415     6.159 
  58.375     5.405 
  58.814     5.480 
  61.611     5.254 
  63.207     5.772 
  64.307     6.375 
  66.117     5.970 
  67.830     5.880 
  71.333     6.254 
  71.639     6.734 
  68.528     6.769 
  67.078     6.645 
  66.424     7.270 
  63.395     6.920 
  60.595     7.082 
  57.791     6.961 
  54.709     6.462 
  52.203     6.516 
  50.216     5.620 
  48.068     5.880 
  47.386     6.709 
  46.855     6.101 
  44.491     5.447 
  42.896     6.261 
  42.723     6.784 
  41.718     5.903 
  38.824     5.784 
  37.953     6.859 
  38.611     6.864 
  36.877     5.974 
  34.084     6.486 
  34.484     7.427 
  34.898     6.840 
  31.903     6.424 
  30.733     7.484 
  32.108     7.673 
  34.074     8.380 
  36.819     8.568 
  38.968     8.201 
  40.588     7.545 
  43.971     7.446 
  46.464     7.253 
  46.928     7.647 
  49.934     7.728 
  50.339     7.690 
  53.086     8.243 
  55.842     7.874 
  58.684     8.316 
  62.012     8.270 
  62.993     8.027 
  66.421     8.358 
  68.084     7.850 
  71.337     7.781 
  71.424     7.372 
  72.180     8.089 
  75.379     8.732 
  77.607     9.270 
  79.573     8.940 
  82.385     8.943 
  84.523     9.552 
  83.900    10.094 
  84.843    10.228 
  82.473     9.822 
  80.328    10.199 
  80.560    10.518 
  77.556     9.934 
  78.741     9.297 
  81.728     9.652 
  80.189     9.772 
  78.359     8.954 
  81.220     8.796 
  82.835     9.321 
  80.237     8.968 
  80.632     8.299 
  84.065     8.652 
  83.505     8.974 
  81.676     8.300 
  84.145     8.134 
  86.659     8.724 
  85.036     8.602 
  85.353     8.062 
  88.848     8.443 
  91.030     8.725 
  93.633     9.284 
  95.545     9.415 
  96.204     9.435 
