  24.256     8.453 
  25.704     7.497 
  25.626     7.068 
  22.546     7.388 
  21.598     7.321 
  20.819     7.643 
  23.995     7.217 
  25.078     6.853 
  22.935     7.338 
  24.942     7.266 
  27.777     6.772 
  27.206     7.000 
  25.688     7.485 
  22.729     7.821 
  19.698     8.101 
  18.716     7.998 
  17.457     8.452 
  20.044     8.259 
  21.949     7.599 
  20.109     7.974 
  20.390     8.526 
  23.636     8.001 
  24.101     7.579 
  22.786     8.332 
  24.193     8.748 
  21.161     9.355 
  20.342    10.200 
  19.989    10.188 
  22.151     9.366 
  23.841     9.287 
  26.253     9.325 
  28.692     8.694 
  26.510     8.321 
  26.585     8.038 
  29.929     7.741 
  29.702     7.278 
  27.340     7.087 
  29.226     6.855 
  31.817     6.454 
  29.858     6.363 
  28.962     6.237 
  32.202     5.923 
  33.397     5.813 
  30.923     6.077 
  31.667     5.865 
  28.544     6.165 
  28.220     6.151 
  25.367     6.568 
  24.391     6.743 
  25.236     6.540 
  23.859     6.790 
  20.801     7.376 
  21.612     7.308 
  22.750     7.146 
  20.205     7.539 
  18.071     8.128 
  19.733     8.229 
  21.747     8.064 
  23.938     8.280 
  26.908     7.589 
  29.947     7.427 
  31.136     6.495 
  34.260     6.186 
  35.226     5.483 
  38.501     5.085 
  40.077     4.696 
  43.178     4.541 
  45.960     4.425 
  46.474     4.578 
  46.659     4.527 
  49.372     4.674 
  51.199     4.512 
  52.527     4.668 
  51.385     4.967 
  48.153     4.731 
  47.782     4.682 
  49.026     5.181 
  46.785     5.453 
  43.924     5.125 
  44.914     5.297 
  45.057     6.084 
  42.034     6.063 
  40.382     5.745 
  42.079     6.253 
  40.944     7.082 
  37.773     6.830 
  37.631     6.642 
  38.592     7.531 
  35.888     7.996 
  33.640     7.468 
  33.434     7.023 
  33.264     6.164 
  35.264     5.603 
  34.910     5.186 
  37.580     4.859 
  37.943     4.837 
  41.046     4.746 
  42.424     4.759 
  44.683     5.098 
  45.007     5.360 
  47.352     4.887 
  46.362     4.709 
  44.558     4.530 
  42.016     4.896 
  41.592     4.977 
  41.480     4.567 
  39.196     4.710 
  37.272     5.133 
  37.486     4.887 
  36.400     4.887 
  33.856     5.186 
  32.604     5.434 
  33.098     5.254 
  31.187     5.563 
  28.775     5.871 
  28.616     5.892 
  27.910     6.217 
  30.474     6.166 
  30.585     6.947 
  33.929     6.632 
  36.670     5.910 
  39.843     5.778 
  41.874     5.188 
  44.736     4.987 
  45.892     4.588 
  48.729     4.602 
  47.933     4.720 
  50.119     4.871 
  49.492     5.389 
  47.953     5.150 
  46.076     4.759 
  45.038     5.161 
  44.104     5.580 
  42.434     5.079 
  40.650     5.012 
  40.015     5.725 
  38.700     5.732 
  36.612     5.314 
  35.158     5.782 
  32.595     6.182 
  31.932     7.055 
  32.789     6.907 
  35.648     7.145 
  38.409     6.465 
  41.142     6.600 
  44.057     6.014 
  46.528     5.890 
  48.654     5.348 
  49.398     5.631 
  51.996     6.147 
  51.806     7.049 
  52.377     6.978 
  49.427     6.515 
  47.288     7.060 
  44.477     6.994 
  43.264     7.377 
  45.415     7.050 
  46.999     7.233 
  50.152     6.887 
  52.977     7.166 
  55.351     7.685 
  57.536     7.038 
  59.398     7.730 
  59.975     8.232 
  60.580     7.489 
  62.910     7.225 
  64.516     8.088 
  64.789     8.267 
  66.160     7.547 
  68.358     7.747 
  69.393     8.633 
  70.046     8.473 
  72.090     7.995 
  73.698     8.588 
  74.387     9.302 
  75.900     8.863 
  77.848     8.851 
  76.598     8.034 
  77.024     7.833 
  76.769     7.178 
  73.322     6.747 
  71.297     6.110 
  67.850     5.773 
  65.610     5.330 
  62.462     5.131 
  59.314     4.825 
  57.788     4.633 
  57.734     4.672 
  54.439     4.511 
  53.756     4.611 
  53.421     5.010 
  54.327     5.329 
  57.193     5.110 
  58.056     5.290 
  57.565     5.924 
  59.804     6.022 
  62.094     5.781 
  61.991     6.249 
  62.266     6.850 
  65.191     6.746 
  66.645     6.744 
  65.836     7.404 
  67.291     7.895 
  69.957     7.579 
  70.763     7.806 
  70.814     8.614 
  73.250     8.652 
  75.070     8.341 
  74.541     7.694 
  73.765     7.019 
  72.380     6.495 
  74.650     6.397 
  71.958     5.881 
  68.539     5.525 
  66.547     5.206 
  63.159     4.937 
  61.612     4.858 
  58.316     4.721 
  58.066     4.683 
  59.115     4.815 
  62.163     4.987 
  63.001     5.277 
  62.815     5.124 
  64.794     5.109 
  67.081     5.392 
  67.188     5.579 
  67.458     5.370 
  69.954     5.539 
  71.650     5.842 
  71.649     5.904 
  72.840     5.826 
  75.437     6.131 
  76.219     6.395 
  76.758     6.359 
  79.178     6.571 
  77.356     6.357 
  77.596     6.495 
  76.306     6.628 
  76.788     7.044 
  73.411     6.795 
  70.266     6.247 
  67.143     6.200 
  64.648     5.634 
  61.260     5.416 
  60.244     5.320 
  61.589     5.399 
  61.029     4.992 
  62.857     5.033 
  65.251     5.412 
  65.538     5.309 
  66.149     5.255 
  68.443     5.466 
  70.141     5.720 
  70.325     5.657 
  71.670     5.780 
  73.934     6.026 
  74.984     6.166 
  75.270     6.248 
  77.289     6.428 
  79.752     6.726 
  78.779     6.688 
  77.812     6.796 
  74.659     6.566 
  75.226     7.128 
  78.695     7.526 
  78.869     7.175 
  75.673     6.754 
  73.406     6.905 
  70.002     6.435 
  67.086     6.518 
  63.921     6.030 
  60.649     6.014 
  57.936     5.986 
  59.614     6.317 
  58.186     5.718 
  58.779     5.801 
  61.154     5.501 
  62.962     5.841 
  64.476     6.376 
  66.069     6.014 
  67.216     5.828 
  70.669     6.085 
  71.363     6.477 
  68.582     6.582 
  66.969     6.435 
  66.842     7.017 
  63.724     6.779 
  61.155     7.033 
  58.515     7.122 
  55.276     6.803 
  53.051     7.062 
  50.592     6.365 
  48.788     6.768 
  48.479     7.563 
  47.577     7.007 
  44.918     6.592 
  43.915     7.464 
  43.912     7.968 
  42.436     7.214 
  39.577     7.335 
  39.286     8.406 
  39.846     8.351 
  37.624     7.679 
  35.156     8.352 
  35.946     9.240 
  36.013     8.693 
  32.888     8.493 
  31.921     9.580 
  33.517     9.689 
  35.688    10.200 
  38.514    10.269 
  40.820     9.651 
  41.847     8.868 
  45.041     8.403 
  47.449     8.058 
  48.137     8.401 
  51.150     8.276 
  51.556     8.217 
  54.539     8.579 
  57.033     8.047 
  60.076     8.351 
  63.230     8.146 
  64.057     7.885 
  67.535     8.090 
  68.796     7.583 
  71.737     7.411 
  71.448     6.940 
  72.719     7.528 
  75.915     8.158 
  78.205     8.605 
  79.669     8.192 
  82.313     8.192 
  84.094     8.010 
  86.386     8.335 
  86.133     7.950 
  88.179     8.080 
  91.303     8.466 
  92.212     8.466 
  94.460     8.804 
  91.977     8.480 
  89.908     8.130 
  92.412     8.528 
  92.938     8.587 
  89.677     8.140 
  89.872     8.310 
  92.626     8.729 
  91.050     8.469 
  88.637     8.350 
  90.969     8.912 
  92.408     9.025 
  89.478     8.719 
  88.776     9.055 
  91.725     9.634 
  90.985     9.493 
  88.294     9.600 
  87.931    10.262 
  87.066    10.640 
  86.244    11.389 
  85.303    12.032 
  23.494     7.895 
  25.193     7.047 
  25.151     6.749 
  22.280     7.178 
  21.661     7.449 
  20.673     7.675 
  23.707     7.078 
  25.028     6.944 
  22.986     7.598 
  24.830     7.332 
  27.675     6.773 
  27.341     7.191 
  25.858     7.741 
  23.074     8.323 
  19.991     8.723 
  18.955     8.597 
  18.048     9.400 
  20.732     9.146 
  22.481     8.264 
  20.745     8.786 
  21.304     9.503 
  24.436     8.688 
  24.858     8.127 
  23.702     9.042 
  25.263     9.416 
  22.341    10.365 
  21.739    11.381 
  21.255    11.460 
  23.268    10.379 
  24.898    10.097 
  27.371    10.000 
  29.663     9.106 
  27.314     8.857 
  27.390     8.566 
  30.655     7.970 
  30.243     7.473 
  27.794     7.423 
  29.688     7.037 
  32.132     6.436 
  29.997     6.395 
  29.052     6.271 
  32.303     5.798 
  33.231     5.632 
  30.696     5.868 
  31.382     5.630 
  28.398     6.048 
  28.121     6.060 
  25.405     6.692 
  24.287     6.714 
  25.255     6.726 
  23.793     6.831 
  20.800     7.560 
  21.793     7.834 
  22.918     7.705 
  20.338     8.049 
  18.309     8.887 
  20.052     9.157 
  22.113     8.920 
  24.341     9.110 
  27.184     8.179 
  29.895     8.016 
  31.089     6.971 
  34.266     6.565 
  35.352     5.823 
  38.660     5.350 
  40.382     4.991 
  43.457     4.797 
  46.332     4.751 
  46.803     4.910 
  46.865     4.717 
  49.609     4.986 
  51.388     4.771 
  52.647     4.690 
  51.461     4.872 
  48.308     4.766 
  47.841     4.645 
  48.948     4.957 
  46.725     5.319 
  43.883     5.089 
  44.795     5.114 
  44.854     5.879 
  41.867     6.036 
  40.150     5.724 
  41.721     6.110 
  40.602     7.045 
  37.476     6.969 
  37.229     6.718 
  38.100     7.589 
  35.432     8.258 
  33.256     7.805 
  33.184     7.391 
  33.060     6.475 
  35.180     5.822 
  34.936     5.350 
  37.713     5.008 
  38.241     4.989 
  41.382     4.958 
  42.892     5.094 
  45.220     5.516 
  45.648     5.840 
  48.039     5.507 
  47.106     5.303 
  45.253     5.051 
  42.763     5.332 
  42.266     5.361 
  42.028     4.974 
  39.785     5.084 
  37.858     5.339 
  37.962     5.125 
  36.841     5.234 
  34.346     5.400 
  32.995     5.497 
  33.395     5.519 
  31.556     5.923 
  29.116     6.001 
  28.815     6.100 
  28.111     6.684 
  30.626     6.663 
  30.695     7.527 
  34.086     7.102 
  36.890     6.292 
  40.024     6.043 
  42.197     5.464 
  45.016     5.178 
  46.328     4.896 
  49.262     4.926 
  48.527     5.058 
  50.775     5.176 
  50.125     5.598 
  48.674     5.452 
  46.750     5.161 
  45.625     5.490 
  44.713     5.894 
  43.104     5.478 
  41.232     5.440 
  40.522     6.120 
  39.305     6.165 
  37.223     5.773 
  35.619     6.261 
  33.090     6.714 
  32.372     7.627 
  33.110     7.458 
  35.933     7.597 
  38.713     6.829 
  41.374     6.836 
  44.341     6.186 
  46.771     5.944 
  49.005     5.442 
  49.816     5.725 
  52.431     6.116 
  52.161     6.928 
  52.831     6.887 
  49.941     6.559 
  47.756     7.137 
  44.889     7.159 
  43.549     7.536 
  45.667     7.104 
  47.135     7.184 
  50.303     6.727 
  53.053     6.852 
  55.447     7.289 
  57.732     6.648 
  59.602     7.249 
  60.010     7.637 
  60.620     6.903 
  63.092     6.665 
  64.642     7.391 
  64.777     7.496 
  66.220     6.830 
  68.533     7.004 
  69.450     7.737 
  69.994     7.537 
  72.142     7.129 
  73.764     7.629 
  74.288     8.207 
  75.824     7.791 
  77.893     7.806 
  76.798     7.198 
  77.378     7.099 
  77.245     6.721 
  73.751     6.370 
  71.829     6.037 
  68.359     5.754 
  66.120     5.530 
  62.993     5.336 
  59.807     5.143 
  58.433     5.203 
  58.419     5.183 
  55.133     5.097 
  54.335     4.967 
  53.942     5.177 
  54.705     5.337 
  57.634     5.193 
  58.585     5.354 
  57.983     5.781 
  60.150     5.789 
  62.566     5.656 
  62.507     6.011 
  62.604     6.442 
  65.563     6.310 
  67.127     6.337 
  66.260     6.867 
  67.612     7.222 
  70.344     6.929 
  71.229     7.134 
  71.162     7.799 
  73.596     7.772 
  75.525     7.516 
  75.010     7.020 
  74.382     6.595 
  72.952     6.266 
  75.307     6.366 
  72.644     6.115 
  69.207     5.825 
  67.241     5.767 
  63.838     5.570 
  62.245     5.527 
  58.921     5.399 
  58.469     5.116 
  59.522     5.394 
  62.502     5.518 
  63.511     6.080 
  63.404     5.936 
  65.282     5.689 
  67.582     6.131 
  67.862     6.535 
  68.129     6.194 
  70.549     6.176 
  72.297     6.720 
  72.456     6.900 
  73.574     6.568 
  76.127     6.837 
  77.071     7.375 
  77.667     7.261 
  80.026     7.258 
  78.083     6.790 
  78.157     6.694 
  76.803     6.498 
  77.095     6.620 
  73.675     6.342 
  70.586     5.974 
  67.467     5.861 
  64.972     5.499 
  61.601     5.322 
  60.483     5.188 
  61.730     5.191 
  61.232     5.099 
  63.173     5.292 
  65.508     5.398 
  65.755     5.420 
  66.507     5.706 
  68.797     5.773 
  70.358     5.835 
  70.637     6.101 
  72.149     6.393 
  74.317     6.355 
  75.284     6.489 
  75.688     6.924 
  77.813     7.081 
  80.139     7.163 
  79.117     6.805 
  77.986     6.594 
  74.790     6.251 
  75.295     6.496 
  78.779     6.866 
  79.059     6.767 
  75.918     6.420 
  73.571     6.350 
  70.158     5.989 
  67.172     5.969 
  64.003     5.617 
  60.723     5.603 
  57.944     5.552 
  59.526     5.721 
  58.094     5.231 
  58.538     5.204 
  60.981     5.045 
  62.827     5.319 
  64.230     5.629 
  65.873     5.410 
  67.124     5.444 
  70.598     5.747 
  71.219     5.912 
  68.369     5.855 
  66.904     5.801 
  66.737     6.244 
  63.660     6.107 
  61.103     6.396 
  58.364     6.488 
  55.183     6.321 
  52.846     6.573 
  50.453     6.019 
  48.522     6.411 
  48.229     7.250 
  47.445     6.815 
  44.819     6.477 
  43.677     7.351 
  43.703     7.917 
  42.371     7.261 
  39.437     7.484 
  39.095     8.573 
  39.765     8.550 
  37.646     7.990 
  35.063     8.766 
  35.874     9.640 
  36.096     9.101 
  32.949     9.045 
  31.969    10.192 
  33.662    10.234 
  35.744    10.638 
  38.634    10.598 
  40.913     9.862 
  42.043     9.055 
  45.266     8.471 
  47.613     8.022 
  48.204     8.289 
  51.179     8.020 
  51.476     7.889 
  54.416     8.105 
  56.878     7.466 
  59.870     7.618 
  63.041     7.323 
  63.829     7.010 
  67.283     7.117 
  68.547     6.632 
  71.543     6.511 
  71.393     6.238 
  72.596     6.733 
  75.899     7.155 
  78.245     7.517 
  79.830     7.286 
  82.489     7.407 
  84.797     7.789 
  84.498     8.121 
  85.606     8.286 
  83.170     7.994 
  81.410     8.279 
  81.857     8.599 
  78.691     8.133 
  79.428     7.603 
  82.449     7.919 
  81.183     8.023 
  79.013     7.373 
  81.526     7.351 
  83.324     7.736 
  80.819     7.429 
  80.680     7.047 
  84.068     7.438 
  83.954     7.583 
  81.782     7.114 
  83.798     7.260 
  86.540     7.675 
  85.166     7.510 
  84.869     7.366 
  88.239     7.843 
  90.625     8.188 
  93.800     8.666 
  96.454     9.095 
  99.437     9.605 
