  21.732     3.452 
  23.347     2.807 
  23.457     2.367 
  20.158     2.301 
  19.179     2.087 
  18.597     2.273 
  22.068     2.246 
  23.186     1.993 
  21.036     2.224 
  23.416     2.410 
  26.330     2.179 
  25.673     2.259 
  24.237     2.621 
  20.915     2.609 
  17.591     2.562 
  16.260     2.268 
  14.728     2.411 
  17.594     2.486 
  19.574     2.145 
  17.377     2.322 
  17.644     2.670 
  21.209     2.511 
  21.630     2.407 
  20.098     2.942 
  21.649     3.179 
  18.338     3.354 
  17.384     3.813 
  17.088     3.709 
  19.612     3.312 
  21.581     3.466 
  24.058     3.545 
  26.827     3.286 
  24.596     2.965 
  24.553     2.685 
  28.172     2.649 
  28.092     2.403 
  25.513     2.138 
  27.412     2.047 
  30.286     1.916 
  28.271     1.857 
  27.168     1.744 
  30.605     1.685 
  31.978     1.723 
  29.289     1.883 
  29.941     1.842 
  26.547     1.861 
  26.094     1.932 
  22.987     2.028 
  21.855     2.148 
  22.811     2.111 
  21.240     2.202 
  17.919     2.290 
  18.915     2.347 
  20.192     2.411 
  17.360     2.446 
  15.062     2.655 
  17.005     3.010 
  19.214     2.995 
  21.694     3.373 
  24.887     3.059 
  28.215     3.159 
  29.415     2.635 
  32.802     2.613 
  33.762     2.243 
  37.260     2.128 
  38.891     1.953 
  42.197     1.949 
  45.111     1.958 
  45.556     2.135 
  45.794     2.090 
  48.616     2.303 
  50.678     2.126 
  52.185     2.116 
  51.066     2.231 
  47.574     2.105 
  47.130     2.067 
  48.558     2.276 
  46.216     2.438 
  43.090     2.212 
  44.155     2.257 
  44.407     2.701 
  41.173     2.684 
  39.336     2.407 
  41.199     2.673 
  40.062     3.189 
  36.629     2.976 
  36.431     2.760 
  37.528     3.305 
  34.660     3.582 
  32.179     3.143 
  31.945     2.954 
  31.670     2.437 
  33.784     2.235 
  33.302     2.014 
  36.143     1.960 
  36.453     1.963 
  39.740     2.048 
  41.196     2.071 
  43.509     2.393 
  43.810     2.510 
  46.423     2.226 
  45.437     1.996 
  43.608     1.807 
  40.785     1.911 
  40.280     2.035 
  40.303     1.822 
  37.874     1.775 
  35.676     1.916 
  35.963     1.883 
  34.919     1.870 
  32.109     1.825 
  30.681     1.933 
  31.334     1.954 
  29.337     2.037 
  26.609     1.971 
  26.464     2.051 
  25.831     2.291 
  28.670     2.452 
  28.910     2.993 
  32.532     2.959 
  35.428     2.608 
  38.841     2.614 
  40.968     2.311 
  44.006     2.232 
  45.180     2.010 
  48.236     2.032 
  47.429     2.078 
  49.801     2.159 
  49.227     2.526 
  47.548     2.303 
  45.455     2.019 
  44.419     2.337 
  43.488     2.594 
  41.615     2.172 
  39.663     2.124 
  39.092     2.613 
  37.687     2.546 
  35.344     2.156 
  33.821     2.465 
  31.101     2.599 
  30.484     3.186 
  31.365     3.125 
  34.483     3.402 
  37.400     3.053 
  40.349     3.201 
  43.432     2.891 
  46.057     2.827 
  48.278     2.512 
  49.127     2.716 
  51.964     3.074 
  51.835     3.684 
  52.450     3.652 
  49.266     3.321 
  47.026     3.664 
  44.001     3.571 
  42.709     3.780 
  44.983     3.588 
  46.675     3.692 
  50.022     3.491 
  53.049     3.655 
  55.623     4.023 
  57.911     3.599 
  59.946     4.069 
  60.581     4.355 
  61.170     3.821 
  63.631     3.641 
  65.397     4.203 
  65.684     4.259 
  67.087     3.737 
  69.443     3.853 
  70.592     4.421 
  71.261     4.235 
  73.393     3.850 
  75.146     4.241 
  75.911     4.677 
  77.474     4.272 
  79.541     4.217 
  78.157     3.709 
  78.602     3.585 
  78.251     3.130 
  74.577     2.993 
  72.346     2.668 
  68.678     2.566 
  66.218     2.378 
  62.883     2.305 
  59.482     2.184 
  57.780     2.123 
  57.778     2.074 
  54.221     1.999 
  53.576     2.058 
  53.327     2.298 
  54.324     2.504 
  57.332     2.344 
  58.294     2.445 
  57.859     2.885 
  60.234     2.909 
  62.636     2.713 
  62.595     3.051 
  62.938     3.449 
  66.025     3.300 
  67.571     3.279 
  66.776     3.782 
  68.343     4.065 
  71.145     3.754 
  72.023     3.921 
  72.124     4.504 
  74.700     4.417 
  76.609     4.133 
  75.995     3.658 
  75.105     3.211 
  73.568     2.883 
  75.913     2.726 
  72.983     2.531 
  69.339     2.418 
  67.128     2.350 
  63.492     2.277 
  61.789     2.331 
  58.243     2.308 
  58.045     2.219 
  59.063     2.424 
  62.316     2.500 
  63.088     2.842 
  62.950     2.661 
  65.160     2.484 
  67.508     2.746 
  67.545     2.967 
  67.940     2.665 
  70.657     2.627 
  72.348     2.941 
  72.320     3.000 
  73.714     2.721 
  76.461     2.845 
  77.176     3.169 
  77.808     3.019 
  80.451     2.935 
  78.615     2.737 
  78.916     2.762 
  77.649     2.806 
  78.221     3.010 
  74.651     2.987 
  71.273     2.764 
  67.991     2.825 
  65.267     2.538 
  61.664     2.470 
  60.551     2.413 
  61.956     2.428 
  61.246     2.302 
  63.186     2.334 
  65.806     2.430 
  66.031     2.437 
  66.593     2.545 
  69.111     2.513 
  70.935     2.568 
  71.009     2.718 
  72.422     2.808 
  74.923     2.719 
  75.998     2.809 
  76.174     3.085 
  78.365     3.050 
  81.029     3.024 
  80.113     2.852 
  79.155     2.844 
  75.850     2.788 
  76.549     3.060 
  80.235     3.163 
  80.373     2.981 
  76.983     2.868 
  74.637     3.019 
  70.998     2.848 
  67.946     2.981 
  64.539     2.749 
  61.082     2.799 
  58.185     2.782 
  59.980     2.920 
  58.377     2.560 
  58.985     2.555 
  61.444     2.409 
  63.431     2.576 
  65.082     2.807 
  66.692     2.586 
  67.878     2.535 
  71.532     2.622 
  72.349     2.764 
  69.449     2.871 
  67.762     2.860 
  67.712     3.240 
  64.403     3.185 
  61.714     3.419 
  58.902     3.467 
  55.436     3.307 
  53.068     3.425 
  50.385     2.994 
  48.474     3.173 
  48.217     3.718 
  47.232     3.423 
  44.337     3.099 
  43.316     3.586 
  43.367     3.979 
  41.745     3.516 
  38.660     3.483 
  38.416     4.152 
  39.044     4.212 
  36.616     3.739 
  33.980     4.050 
  34.895     4.682 
  34.964     4.387 
  31.569     4.131 
  30.581     4.795 
  32.331     4.987 
  34.675     5.371 
  37.721     5.538 
  40.181     5.183 
  41.268     4.723 
  44.673     4.495 
  47.229     4.294 
  47.964     4.484 
  51.174     4.409 
  51.588     4.309 
  54.783     4.524 
  57.407     4.144 
  60.655     4.286 
  63.991     4.094 
  64.830     3.846 
  68.528     3.894 
  69.805     3.496 
  72.890     3.300 
  72.555     3.058 
  73.975     3.412 
  77.405     3.702 
  79.871     3.938 
  81.376     3.604 
  84.136     3.450 
  85.970     3.277 
  88.384     3.332 
  88.026     3.150 
  90.122     3.202 
  93.415     3.310 
  94.274     3.454 
  96.640     3.533 
  94.021     3.431 
  91.747     3.487 
  94.312     3.785 
  94.882     3.734 
  91.402     3.678 
  91.500     4.006 
  94.375     4.200 
  92.714     4.095 
  90.063     4.313 
  92.441     4.730 
  93.952     4.733 
  90.815     4.735 
  89.967     5.156 
  93.004     5.524 
  92.192     5.501 
  89.244     5.802 
  88.680     6.440 
  87.726     6.839 
  86.710     7.581 
  85.667     8.323 
  21.391     3.275 
  23.126     2.672 
  23.079     2.280 
  19.851     2.213 
  19.008     2.099 
  18.213     2.243 
  21.649     2.190 
  22.881     1.989 
  20.716     2.237 
  22.995     2.356 
  25.982     2.139 
  25.412     2.235 
  23.949     2.579 
  20.716     2.660 
  17.323     2.677 
  16.010     2.434 
  14.680     2.757 
  17.612     2.790 
  19.564     2.376 
  17.432     2.651 
  17.800     3.096 
  21.329     2.807 
  21.823     2.655 
  20.301     3.268 
  21.878     3.506 
  18.574     3.823 
  17.696     4.350 
  17.290     4.259 
  19.807     3.721 
  21.790     3.721 
  24.297     3.795 
  27.048     3.396 
  24.696     3.097 
  24.662     2.877 
  28.273     2.719 
  28.122     2.411 
  25.479     2.215 
  27.415     2.116 
  30.246     1.903 
  28.124     1.849 
  27.018     1.758 
  30.512     1.677 
  31.736     1.728 
  29.063     1.883 
  29.660     1.803 
  26.316     1.826 
  25.914     1.892 
  22.847     2.051 
  21.698     2.111 
  22.638     2.187 
  21.124     2.204 
  17.789     2.347 
  18.741     2.566 
  19.983     2.670 
  17.220     2.682 
  14.870     2.987 
  16.696     3.430 
  18.879     3.388 
  21.244     3.786 
  24.408     3.397 
  27.329     3.553 
  28.766     2.963 
  32.211     2.940 
  33.503     2.500 
  37.094     2.365 
  39.025     2.119 
  42.338     2.085 
  45.475     2.002 
  46.067     2.030 
  46.107     2.027 
  49.108     2.129 
  50.920     2.095 
  52.178     2.225 
  50.797     2.483 
  47.476     2.303 
  47.020     2.203 
  48.083     2.544 
  45.635     2.760 
  42.667     2.469 
  43.622     2.522 
  43.534     3.070 
  40.337     3.042 
  38.570     2.715 
  40.162     3.027 
  38.815     3.602 
  35.514     3.368 
  35.282     3.121 
  36.056     3.726 
  33.120     4.025 
  30.880     3.542 
  30.888     3.341 
  30.911     2.743 
  33.287     2.488 
  33.149     2.150 
  36.189     2.048 
  36.839     1.943 
  40.255     1.960 
  41.894     1.964 
  44.450     2.170 
  44.926     2.259 
  47.421     2.069 
  46.380     1.925 
  44.349     1.855 
  41.747     1.865 
  41.236     1.927 
  40.895     1.872 
  38.494     1.851 
  36.496     1.859 
  36.561     1.883 
  35.275     2.007 
  32.656     1.891 
  31.217     1.918 
  31.542     2.081 
  29.543     2.210 
  26.973     2.040 
  26.582     2.161 
  25.734     2.514 
  28.372     2.729 
  28.321     3.325 
  31.983     3.285 
  35.077     2.912 
  38.421     2.935 
  40.835     2.596 
  43.872     2.510 
  45.358     2.219 
  48.477     2.252 
  47.673     2.310 
  50.045     2.390 
  49.270     2.763 
  47.794     2.503 
  45.808     2.220 
  44.520     2.582 
  43.519     2.807 
  41.906     2.362 
  39.901     2.345 
  39.037     2.851 
  37.789     2.748 
  35.645     2.357 
  33.832     2.697 
  31.140     2.815 
  30.245     3.418 
  30.974     3.406 
  33.913     3.705 
  36.952     3.361 
  39.740     3.541 
  42.983     3.224 
  45.582     3.179 
  48.053     2.828 
  48.866     3.034 
  51.560     3.402 
  51.125     4.032 
  51.863     3.952 
  48.881     3.596 
  46.498     3.903 
  43.452     3.847 
  41.946     4.103 
  44.231     3.940 
  45.749     4.093 
  49.176     3.902 
  52.060     4.100 
  54.515     4.479 
  57.063     4.041 
  58.921     4.526 
  59.283     4.851 
  60.079     4.303 
  62.753     4.109 
  64.244     4.706 
  64.380     4.800 
  66.063     4.250 
  68.482     4.361 
  69.297     4.977 
  69.946     4.799 
  72.334     4.388 
  73.935     4.800 
  74.374     5.287 
  76.140     4.868 
  78.335     4.806 
  77.317     4.238 
  77.952     4.083 
  77.957     3.556 
  74.285     3.400 
  72.362     2.981 
  68.693     2.869 
  66.415     2.587 
  63.079     2.530 
  59.746     2.355 
  58.354     2.188 
  58.283     2.204 
  54.828     2.083 
  53.904     2.248 
  53.377     2.582 
  54.133     2.836 
  57.314     2.636 
  58.273     2.752 
  57.510     3.243 
  59.817     3.289 
  62.438     3.061 
  62.272     3.418 
  62.273     3.866 
  65.462     3.727 
  67.118     3.674 
  66.058     4.192 
  67.422     4.527 
  70.407     4.214 
  71.288     4.360 
  71.059     4.973 
  73.671     4.921 
  75.783     4.609 
  75.381     4.119 
  74.843     3.609 
  73.440     3.246 
  76.021     3.024 
  73.291     2.741 
  69.664     2.616 
  67.677     2.425 
  64.100     2.313 
  62.462     2.290 
  58.962     2.228 
  58.434     2.233 
  59.643     2.292 
  62.812     2.371 
  63.967     2.569 
  63.798     2.457 
  65.717     2.413 
  68.231     2.553 
  68.568     2.693 
  68.761     2.517 
  71.287     2.560 
  73.226     2.721 
  73.390     2.761 
  74.477     2.638 
  77.202     2.742 
  78.274     2.918 
  78.840     2.839 
  81.290     2.851 
  79.151     2.801 
  79.196     2.915 
  77.653     3.110 
  77.886     3.404 
  74.243     3.395 
  71.025     3.121 
  67.663     3.218 
  65.116     2.857 
  61.533     2.783 
  60.380     2.700 
  61.735     2.694 
  61.333     2.397 
  63.401     2.407 
  65.808     2.619 
  66.158     2.505 
  67.035     2.467 
  69.390     2.550 
  71.033     2.647 
  71.443     2.604 
  73.055     2.660 
  75.266     2.718 
  76.339     2.752 
  76.867     2.844 
  79.073     2.866 
  81.504     2.914 
  80.312     2.928 
  79.041     3.053 
  75.604     3.059 
  76.001     3.472 
  79.685     3.589 
  80.052     3.323 
  76.724     3.201 
  74.148     3.438 
  70.563     3.236 
  67.323     3.405 
  64.019     3.135 
  60.493     3.198 
  57.537     3.178 
  59.197     3.339 
  57.794     2.894 
  58.282     2.872 
  60.986     2.627 
  62.871     2.886 
  64.289     3.182 
  66.160     2.852 
  67.541     2.732 
  71.251     2.794 
  71.806     3.065 
  68.696     3.242 
  67.113     3.254 
  66.797     3.716 
  63.520     3.651 
  60.715     3.909 
  57.780     3.954 
  54.426     3.770 
  51.896     3.889 
  49.458     3.412 
  47.334     3.606 
  46.872     4.189 
  46.123     3.868 
  43.396     3.508 
  42.033     4.032 
  41.973     4.432 
  40.679     3.926 
  37.529     3.898 
  36.989     4.600 
  37.720     4.638 
  35.582     4.131 
  32.713     4.471 
  33.442     5.112 
  33.804     4.756 
  30.488     4.508 
  29.261     5.196 
  31.095     5.325 
  33.171     5.749 
  36.240     5.886 
  38.748     5.558 
  40.114     5.048 
  43.604     4.821 
  46.132     4.656 
  46.687     4.899 
  49.868     4.851 
  50.200     4.785 
  53.271     5.042 
  56.002     4.661 
  59.155     4.828 
  62.591     4.645 
  63.509     4.391 
  67.184     4.453 
  68.662     4.009 
  71.926     3.780 
  71.834     3.490 
  72.975     3.969 
  76.427     4.221 
  78.843     4.468 
  80.625     4.088 
  83.519     3.933 
  85.881     4.212 
  85.451     4.655 
  86.646     4.707 
  84.110     4.574 
  82.121     4.977 
  82.552     5.208 
  79.255     4.938 
  80.187     4.405 
  83.402     4.482 
  82.018     4.652 
  79.839     4.152 
  82.602     3.890 
  84.459     4.140 
  81.826     4.019 
  81.817     3.548 
  85.431     3.604 
  85.247     3.836 
  83.038     3.464 
  85.272     3.279 
  88.130     3.501 
  86.672     3.496 
  86.484     3.182 
  90.079     3.272 
  92.614     3.374 
  95.945     3.573 
  98.747     3.773 
 101.885     4.061 
