    6.718 
    7.644 
    7.414 
    4.642 
    4.585 
    7.517 
    9.115 
    9.721 
    8.384 
    9.834 
   12.333 
    9.888 
    7.476 
    4.393 
    4.476 
    7.828 
    7.442 
    6.081 
    8.514 
    5.093 
    7.786 
    9.508 
    7.141 
    6.865 
   10.530 
    9.583 
    8.330 
    4.950 
    4.561 
    3.179 
    6.802 
    8.246 
    5.756 
    7.656 
   10.631 
   10.591 
   10.244 
   12.938 
   15.019 
   14.260 
   11.367 
   14.303 
   15.742 
   12.704 
   12.270 
    8.660 
    7.777 
    5.165 
    4.964 
    7.918 
    8.833 
    6.576 
    5.287 
    8.646 
    7.868 
    7.342 
    6.411 
    5.403 
    7.555 
    6.665 
    7.362 
    7.564 
    4.753 
    4.388 
    7.433 
    9.120 
    9.524 
    8.870 
   10.450 
   12.796 
   10.184 
    7.819 
    4.788 
    4.959 
    8.256 
    7.583 
    6.045 
    8.550 
    5.048 
    7.557 
    9.369 
    7.157 
    6.608 
   10.269 
    9.675 
    7.820 
    6.578 
   10.083 
    9.441 
   12.759 
   13.315 
    9.792 
   11.560 
   14.429 
   12.754 
   11.318 
   14.118 
   16.310 
   13.995 
   11.096 
   14.084 
   15.591 
   12.661 
   12.055 
    8.423 
    7.535 
    4.892 
    4.922 
    7.812 
    8.895 
    6.686 
    5.144 
    8.442 
    7.725 
    7.388 
    6.250 
    5.020 
    6.960 
    9.920 
   13.170 
   15.477 
