  16.3
  16.6
  16.4
  12.8
  11.3
  11.8
  15.5
  15.9
  13.9
  17.1
  19.5
  18.3
  17.2
  13.4
  10.4
   8.6
  6.38
  9.17
  11.5
  9.31
  9.75
  13.4
  14.1
  13.3
  14.9
  11.6
  10.8
  8.68
  10.4
  11.3
  14.4
  16.9
  14.9
  15.7
  19.3
  19.4
  17.4
  19.5
  22.5
  20.6
  19.3
  22.8
  24.5
  21.8
  22.0
  18.3
  17.3
  13.9
  12.2
  12.8
  10.9
  7.53
   9.1
  10.5
  7.57
  5.85
  9.33
  11.3
  14.8
  16.9
  20.3
  20.3
  23.7
  24.2
  27.6
  29.1
  32.4
  35.3
  35.8
  35.9
  38.9
  40.9
  42.4
  41.4
  37.8
  37.3
  38.9
  36.7
  33.4
  34.5
  35.2
  31.9
  29.8
  32.1
  31.8
  28.1
  27.7
  30.0
  27.7
  24.5
  23.6
  22.2
  24.0
  23.3
  26.2
  26.5
  29.9
  31.7
  34.4
  35.1
  37.5
  36.5
  34.4
  31.8
  31.2
  30.8
  28.6
  26.4
  26.3
  25.3
  22.6
  20.9
  21.5
  19.9
  16.8
  16.5
  16.5
  19.6
  20.8
  24.4
  26.7
  30.0
  31.8
  34.6
  35.6
  38.9
  38.3
  40.9
  40.8
  39.1
  36.7
  35.8
  35.5
  33.2
  30.9
  31.0
  30.0
  27.0
  25.6
  23.5
  24.0
  24.1
  27.4
  29.5
  32.5
  35.0
  37.4
  39.3
  40.5
  43.9
  44.6
  45.3
  41.8
  40.4
  37.1
  35.8
  37.5
  39.1
  42.1
  45.1
  48.2
  49.9
  52.6
  53.4
  53.2
  55.5
  57.9
  58.1
  58.8
  61.4
  63.1
  63.4
  65.1
  67.3
  68.4
  69.4
  71.6
  69.7
  70.2
  69.5
  65.7
  63.2
  59.4
  56.8
  53.4
  49.9
  48.3
  48.5
  44.9
  44.1
  44.1
  45.3
  48.1
  49.2
  49.2
  51.5
  53.7
  54.1
  54.8
  57.6
  59.2
  59.0
  60.7
  63.1
  64.3
  64.9
  67.2
  68.9
  67.8
  66.5
  64.6
  66.9
  63.8
  60.1
  57.8
  54.1
  52.3
  48.7
  48.3
  49.5
  52.9
  54.0
  53.7
  55.7
  58.3
  58.6
  58.7
  61.3
  63.3
  63.5
  64.5
  67.3
  68.4
  68.9
  71.5
  69.4
  69.7
  68.5
  69.2
  65.6
  62.1
  58.9
  55.9
  52.3
  51.1
  52.4
  51.6
  53.6
  56.3
  56.5
  57.1
  59.6
  61.5
  61.7
  63.2
  65.6
  66.7
  67.0
  69.2
  71.9
  70.8
  69.9
  66.5
  67.4
  71.2
  71.3
  67.8
  65.6
  61.8
  58.9
  55.3
  51.9
  49.0
  50.9
  48.9
  49.5
  51.9
  54.0
  55.8
  57.2
  58.4
  62.1
  63.1
  60.2
  58.5
  58.9
  55.5
  53.1
  50.4
  46.8
  44.6
  41.4
  39.7
  40.3
  38.9
  35.6
  35.4
  36.2
  33.9
  30.8
  32.0
  32.8
  29.5
  27.7
  30.2
  29.7
  26.0
  26.7
  29.1
  32.0
  35.3
  36.3
  36.4
  39.0
  40.9
  41.7
  44.5
  44.6
  47.9
  49.8
  53.2
  56.1
  56.6
  60.3
  61.1
  64.0
  63.4
  65.1
  68.8
  71.5
  72.7
  75.3
  77.0
  79.4
  78.8
  80.9
  84.4
  85.4
  87.7
  84.9
  82.7
  85.6
  86.1
  82.5
  83.0
  86.1
  84.3
  81.8
  84.7
  86.2
  83.0
  82.6
  86.1
  85.4
  82.8
  83.1
  82.4
  82.2
  81.2
  16.2
  16.6
  16.2
  12.6
  11.1
  11.5
  15.2
  15.5
  13.4
  16.5
  19.1
  18.0
  16.9
  13.2
  9.84
   8.1
  6.29
  9.52
  11.5
   9.4
  10.6
  14.0
  14.3
  13.8
  16.0
  12.9
  12.4
  10.3
  12.2
  13.4
  16.5
  19.0
  16.6
  17.1
  20.8
  20.4
  17.6
  19.6
  22.5
  20.4
  19.0
  22.6
  24.2
  21.7
  21.7
  18.0
  17.1
  13.6
  12.0
  12.5
  10.8
  7.35
  8.85
  10.2
  7.45
  5.64
  9.11
  11.0
  14.5
  16.5
  19.8
  19.8
  23.3
  24.2
  27.7
  29.4
  32.7
  35.8
  36.2
  36.2
  39.3
  41.2
  42.5
  41.3
  37.8
  37.3
  38.7
  36.4
  33.1
  34.1
  34.8
  31.5
  29.3
  31.5
  31.2
  27.4
  26.9
  29.0
  26.7
  23.5
  22.9
  21.7
  23.7
  23.2
  26.3
  26.9
  30.4
  32.2
  35.0
  35.9
  38.2
  37.2
  35.1
  32.7
  32.0
  31.4
  29.2
  27.1
  26.8
  25.8
  23.2
  21.4
  21.8
  20.2
  17.2
  16.7
  16.5
  19.4
  20.5
  24.1
  26.6
  29.8
  32.0
  34.8
  36.0
  39.3
  38.7
  41.4
  41.1
  39.6
  37.1
  36.1
  35.8
  33.7
  31.3
  31.3
  30.3
  27.4
  25.8
  23.7
  24.0
  24.0
  27.2
  29.4
  32.3
  35.0
  37.3
  39.4
  40.7
  44.0
  44.5
  45.4
  42.0
  40.4
  37.0
  35.6
  37.3
  38.8
  41.8
  44.8
  47.9
  49.8
  52.4
  53.1
  52.9
  55.3
  57.7
  57.8
  58.6
  61.2
  62.8
  63.1
  64.9
  67.1
  68.1
  69.1
  71.3
  69.6
  70.3
  69.7
  65.9
  63.5
  59.8
  57.2
  53.8
  50.3
  48.8
  49.0
  45.5
  44.6
  44.5
  45.5
  48.4
  49.6
  49.4
  51.6
  54.0
  54.4
  54.8
  57.7
  59.4
  59.1
  60.7
  63.2
  64.4
  64.8
  67.2
  69.0
  67.9
  66.8
  65.0
  67.3
  64.3
  60.5
  58.3
  54.6
  52.9
  49.2
  48.7
  49.9
  53.2
  54.5
  54.2
  56.1
  58.7
  59.1
  59.2
  61.8
  63.8
  64.0
  65.0
  67.8
  68.9
  69.5
  72.0
  69.8
  70.1
  68.8
  69.3
  65.7
  62.3
  59.0
  56.1
  52.5
  51.2
  52.5
  51.8
  53.9
  56.5
  56.7
  57.5
  59.9
  61.7
  62.0
  63.6
  65.9
  67.0
  67.4
  69.7
  72.2
  71.1
  69.9
  66.5
  67.3
  71.1
  71.3
  67.9
  65.6
  61.8
  58.8
  55.2
  51.8
  48.7
  50.6
  48.6
  49.1
  51.6
  53.7
  55.4
  57.0
  58.2
  62.0
  62.8
  59.8
  58.3
  58.5
  55.2
  52.8
  50.0
  46.4
  44.1
  41.0
  39.2
  39.8
  38.5
  35.2
  34.9
  35.7
  33.4
  30.3
  31.4
  32.2
  29.1
  27.1
  29.6
  29.3
  25.5
  26.1
  28.6
  31.4
  34.8
  35.8
  36.0
  38.7
  40.5
  41.3
  44.1
  44.1
  47.5
  49.4
  52.7
  55.7
  56.2
  59.9
  60.7
  63.6
  63.2
  64.8
  68.5
  71.3
  72.6
  75.2
  77.9
  77.9
  79.1
  76.3
  74.9
  75.7
  72.0
  72.3
  75.6
  74.5
  71.7
  74.1
  76.3
  73.6
  73.0
  76.7
  76.8
  74.3
  76.3
  79.4
  78.0
  77.4
  81.1
  83.8
  87.5
  90.7
  94.3
