   12.489   1.641
   11.138   0.395
    8.789   0.176
    5.266   0.164
    5.259   0.145
    6.874   0.242
    9.315   0.207
   10.377   0.177
    9.975   0.168
   10.786   0.238
   13.298   0.251
   11.198   0.236
    8.704   0.258
    5.707   0.213
    4.809   0.086
    8.214   0.085
    8.071   0.157
    6.565   0.149
    9.112   0.214
    6.014   0.242
    7.092   0.388
    9.512   0.188
    7.660   0.344
    6.573   0.421
    8.813   0.828
    9.001   0.547
    7.932   0.441
    4.551   0.189
    4.204   0.132
    4.665   0.174
    7.862   0.243
    8.274   0.319
    5.908   0.173
    8.397   0.194
   11.074   0.149
   10.600   0.228
   10.756   0.197
   13.495   0.201
   15.094   0.187
   14.847   0.210
   12.769   0.294
   16.233   0.320
   17.414   0.255
   14.476   0.230
   14.651   0.321
   10.888   0.345
   11.176   0.805
    9.459   1.554
    9.464   2.375
    8.927   3.124
    9.157   3.176
    9.922   4.050
   11.416   4.069
   12.625   4.591
   12.465   5.019
   13.655   6.030
   14.650   6.928
   15.464   7.334
   16.313   7.765
   16.327   7.867
   16.982   7.922
   13.496   3.047
   12.087   1.722
   11.098   0.409
    8.901   0.182
    5.262   0.157
    5.495   0.077
    5.811   0.138
    8.605   0.128
   10.184   0.121
    9.994   0.074
   11.312   0.173
   13.595   0.221
   11.158   0.259
    9.091   0.393
    5.814   0.232
    5.138   0.136
    8.059   0.099
    7.582   0.342
    5.533   0.454
    8.657   0.160
    6.623   0.186
    8.432   0.138
    8.918   0.177
    8.715   0.161
    7.617   0.189
   10.713   0.485
    8.764   0.370
    7.239   0.344
    4.060   0.213
    3.924   0.137
    4.885   0.141
    8.262   0.163
    8.905   0.263
    6.474   0.255
    8.489   0.287
   11.495   0.281
   11.324   0.335
   11.017   0.303
   13.520   0.288
   15.558   0.323
   14.965   0.129
   13.240   0.157
   16.803   0.162
   17.652   0.123
   14.656   0.113
   15.307   0.155
   11.707   0.204
   12.288   0.466
   11.224   1.084
   10.467   1.763
    9.769   2.261
   10.335   2.326
   11.808   3.110
   12.617   3.224
   14.290   3.942
   14.721   4.631
   14.871   5.478
   15.217   6.119
   16.728   6.400
   17.468   6.533
   17.665   6.675
   17.935   6.679
